0,0
27,1
3,2
48,3
7,4
5,5
6,6
7,7
8,8
9,9
10,10
11,11
12,12
13,13
14,14
15,15
23,16
36,17
18,18
3,19
6,20
21,21
22,22
23,23
24,24
41,25
26,26
9,27
10,28
29,29
30,30
30,31
32,32
38,33
34,34
35,35
36,36
37,37
38,38
21,39
40,40
23,41
42,42
48,43
45,44
45,45
46,46
34,47
48,48
49,49
50,50
51,51
53,52
53,53
54,54
55,55
57,56
57,57
58,58
59,59
36,0
1,1
3,2
48,3
4,4
15,5
6,6
7,7
8,8
11,9
11,10
28,11
12,12
13,13
13,14
15,15
15,16
17,17
18,18
48,19
20,20
6,21
22,22
23,23
40,24
25,25
26,26
12,27
9,28
58,29
53,30
53,31
57,32
12,33
34,34
58,35
9,36
58,37
57,38
9,39
58,40
50,41
58,42
43,43
58,44
57,45
48,46
47,47
48,48
49,49
50,50
54,51
53,52
53,53
54,54
49,55
57,56
57,57
58,58
59,59
0,0
27,1
48,2
48,3
7,4
5,5
6,6
15,7
8,8
9,9
10,10
28,11
12,12
13,13
14,14
15,15
45,16
36,17
18,18
3,19
6,20
21,21
22,22
23,23
24,24
25,25
26,26
9,27
12,28
11,29
30,30
30,31
32,32
38,33
34,34
35,35
28,36
22,37
38,38
21,39
40,40
23,41
42,42
43,43
35,44
35,45
46,46
40,47
48,48
49,49
50,50
51,51
49,52
53,53
54,54
55,55
57,56
57,57
58,58
59,59
3,0
1,1
3,2
48,3
4,4
15,5
6,6
7,7
8,8
9,9
29,10
29,11
12,12
13,13
48,14
15,15
15,16
17,17
18,18
48,19
20,20
21,21
22,22
23,23
40,24
25,25
26,26
12,27
9,28
29,29
31,30
31,31
11,32
10,33
34,34
35,35
36,36
37,37
38,38
21,39
40,40
23,41
42,42
36,43
45,44
45,45
48,46
47,47
48,48
6,49
23,50
54,51
57,52
53,53
54,54
49,55
57,56
57,57
58,58
59,59
0,0
12,1
2,2
3,3
15,4
15,5
6,6
7,7
8,8
9,9
10,10
11,11
12,12
13,13
14,14
15,15
23,16
36,17
18,18
3,19
20,20
21,21
22,22
23,23
24,24
41,25
26,26
9,27
12,28
29,29
30,30
30,31
32,32
9,33
34,34
35,35
36,36
22,37
9,38
21,39
40,40
23,41
42,42
46,43
45,44
45,45
48,46
47,47
48,48
49,49
50,50
51,51
57,52
49,53
54,54
55,55
57,56
57,57
58,58
59,59
45,0
18,1
48,2
48,3
4,4
15,5
21,6
7,7
8,8
48,9
15,10
29,11
48,12
13,13
13,14
6,15
45,16
18,17
12,18
48,19
20,20
13,21
22,22
23,23
45,24
25,25
26,26
27,27
32,28
29,29
31,30
12,31
11,32
11,33
34,34
35,35
36,36
22,37
45,38
21,39
18,40
23,41
42,42
9,43
35,44
35,45
46,46
47,47
22,48
49,49
50,50
49,51
53,52
49,53
57,54
57,55
57,56
57,57
58,58
59,59
0,0
4,1
3,2
3,3
35,4
34,5
6,6
7,7
8,8
9,9
12,10
11,11
12,12
26,13
14,14
24,15
4,16
17,17
18,18
19,19
6,20
21,21
22,22
23,23
24,24
25,25
26,26
27,27
28,28
29,29
30,30
31,31
32,32
9,33
34,34
35,35
36,36
37,37
38,38
38,39
40,40
41,41
42,42
43,43
45,44
45,45
46,46
47,47
48,48
49,49
50,50
51,51
52,52
53,53
54,54
55,55
57,56
57,57
58,58
59,59
0,0
18,1
43,2
48,3
35,4
34,5
6,6
7,7
8,8
9,9
29,10
11,11
12,12
13,13
14,14
15,15
29,16
18,17
18,18
18,19
6,20
21,21
48,22
23,23
18,24
23,25
26,26
43,27
28,28
29,29
31,30
31,31
9,32
48,33
34,34
35,35
48,36
37,37
38,38
39,39
48,40
41,41
42,42
43,43
28,44
45,45
3,46
48,47
48,48
49,49
49,50
51,51
53,52
53,53
54,54
54,55
49,56
57,57
58,58
59,59
2,0
14,1
3,2
48,3
35,4
34,5
6,6
7,7
8,8
9,9
10,10
11,11
4,12
13,13
13,14
24,15
4,16
38,17
18,18
19,19
6,20
48,21
22,22
23,23
24,24
25,25
26,26
27,27
9,28
29,29
30,30
31,31
32,32
9,33
34,34
35,35
40,36
48,37
38,38
38,39
40,40
41,41
42,42
43,43
45,44
45,45
46,46
40,47
48,48
49,49
50,50
51,51
52,52
53,53
54,54
55,55
57,56
57,57
58,58
59,59
0,0
18,1
3,2
48,3
35,4
34,5
6,6
7,7
8,8
9,9
29,10
11,11
12,12
13,13
14,14
15,15
15,16
18,17
18,18
19,19
20,20
21,21
22,22
23,23
12,24
25,25
26,26
48,27
28,28
29,29
31,30
31,31
9,32
9,33
23,34
35,35
48,36
37,37
38,38
39,39
40,40
41,41
42,42
43,43
36,44
45,45
3,46
48,47
48,48
49,49
49,50
59,51
57,52
53,53
54,54
54,55
55,56
57,57
58,58
59,59
2,0
4,1
48,2
48,3
35,4
34,5
6,6
7,7
8,8
9,9
12,10
11,11
12,12
13,13
13,14
24,15
4,16
17,17
18,18
19,19
6,20
21,21
22,22
23,23
24,24
25,25
26,26
27,27
28,28
29,29
30,30
31,31
32,32
9,33
34,34
35,35
36,36
37,37
38,38
39,39
40,40
41,41
42,42
48,43
28,44
45,45
43,46
47,47
48,48
49,49
50,50
51,51
53,52
53,53
54,54
55,55
57,56
57,57
58,58
59,59
0,0
18,1
18,2
48,3
35,4
34,5
14,6
7,7
8,8
9,9
29,10
29,11
12,12
13,13
14,14
15,15
4,16
14,17
18,18
13,19
6,20
21,21
48,22
23,23
4,24
25,25
26,26
4,27
28,28
29,29
31,30
31,31
28,32
9,33
34,34
43,35
22,36
22,37
9,38
39,39
14,40
41,41
42,42
48,43
28,44
45,45
48,46
14,47
48,48
49,49
49,50
51,51
53,52
53,53
54,54
55,55
50,56
57,57
58,58
59,59
0,0
1,1
3,2
48,3
4,4
5,5
6,6
7,7
8,8
12,9
11,10
11,11
12,12
13,13
14,14
29,15
15,16
18,17
18,18
19,19
20,20
21,21
22,22
23,23
40,24
25,25
26,26
27,27
28,28
29,29
31,30
31,31
28,32
10,33
34,34
53,35
48,36
49,37
38,38
39,39
38,40
50,41
42,42
43,43
57,44
57,45
53,46
49,47
48,48
49,49
50,50
51,51
53,52
53,53
54,54
57,55
57,56
57,57
58,58
59,59
0,0
1,1
48,2
48,3
4,4
34,5
6,6
7,7
8,8
9,9
12,10
12,11
12,12
13,13
14,14
23,15
23,16
17,17
18,18
19,19
6,20
21,21
22,22
6,23
18,24
25,25
26,26
27,27
11,28
28,29
30,30
31,31
31,32
9,33
34,34
35,35
36,36
22,37
38,38
21,39
38,40
23,41
42,42
48,43
28,44
45,45
48,46
54,47
48,48
49,49
49,50
54,51
53,52
53,53
54,54
57,55
50,56
57,57
58,58
59,59
9,0
48,1
48,2
48,3
4,4
5,5
6,6
7,7
8,8
9,9
11,10
29,11
13,13
13,14
15,15
4,16
18,17
48,18
19,19
20,20
48,21
22,22
23,23
40,24
25,25
26,26
27,27
28,28
29,29
12,30
11,31
28,32
11,33
34,34
35,35
36,36
37,37
38,38
39,39
40,40
23,41
42,42
36,43
45,44
35,45
46,46
34,47
48,48
49,49
50,50
51,51
53,52
53,53
54,54
55,55
50,56
57,57
58,58
59,59
0,0
1,1
48,2
48,3
4,4
34,5
6,6
7,7
8,8
9,9
29,10
11,11
12,12
13,13
14,14
23,15
23,16
17,17
18,18
19,19
6,20
21,21
22,22
23,23
18,24
25,25
26,26
27,27
28,28
28,29
30,30
31,31
32,32
33,33
34,34
35,35
9,36
22,37
38,38
21,39
38,40
41,41
42,42
48,43
28,44
45,45
43,46
54,47
48,48
49,49
50,50
51,51
57,52
53,53
54,54
57,55
50,56
50,57
58,58
59,59
0,0
1,1
3,2
3,3
4,4
5,5
6,6
7,7
8,8
9,9
11,10
29,11
12,12
13,13
13,14
29,15
15,16
18,17
18,18
19,19
20,20
21,21
22,22
23,23
18,24
25,25
26,26
27,27
11,28
29,29
31,30
31,31
28,32
9,33
34,34
53,35
48,36
37,37
9,38
39,39
38,40
23,41
58,42
43,43
57,44
45,45
46,46
14,47
48,48
49,49
50,50
51,51
49,52
53,53
54,54
57,55
57,56
57,57
58,58
59,59
0,0
1,1
22,2
48,3
4,4
34,5
23,6
7,7
8,8
9,9
12,10
28,11
12,12
13,13
14,14
23,15
23,16
12,17
18,18
19,19
20,20
6,21
22,22
41,23
18,24
25,25
26,26
27,27
28,28
28,29
30,30
30,31
31,32
9,33
34,34
35,35
48,36
22,37
38,38
21,39
26,40
41,41
42,42
45,43
4,44
24,45
48,46
34,47
48,48
49,49
50,50
51,51
57,52
53,53
54,54
57,55
54,56
57,57
58,58
59,59
0,0
18,1
48,2
48,3
35,4
5,5
6,6
7,7
8,8
9,9
12,10
12,11
12,12
13,13
14,14
25,15
24,16
19,17
18,18
48,19
20,20
6,21
22,22
23,23
45,24
25,25
26,26
38,27
10,28
11,29
30,30
31,31
32,32
9,33
34,34
35,35
36,36
37,37
38,38
39,39
47,40
41,41
42,42
36,43
44,44
35,45
46,46
47,47
6,48
49,49
50,50
51,51
53,52
53,53
54,54
55,55
57,56
57,57
58,58
59,59
0,0
18,1
48,2
22,3
35,4
5,5
6,6
47,7
8,8
9,9
11,10
48,11
12,12
13,13
14,14
4,15
4,16
18,17
18,18
13,19
6,20
21,21
22,22
41,23
24,24
34,25
26,26
9,27
12,28
11,29
30,30
30,31
32,32
48,33
34,34
35,35
18,36
37,37
38,38
39,39
47,40
41,41
42,42
22,43
38,44
4,45
46,46
47,47
22,48
49,49
50,50
54,51
53,52
49,53
49,54
57,55
57,56
57,57
58,58
59,59
0,0
18,1
48,2
48,3
35,4
34,5
6,6
7,7
8,8
9,9
12,10
9,11
38,12
26,13
14,14
25,15
4,16
18,17
18,18
48,19
20,20
6,21
6,22
6,23
23,24
25,25
26,26
45,27
12,28
28,29
30,30
31,31
32,32
9,33
34,34
35,35
36,36
37,37
38,38
39,39
6,40
41,41
42,42
36,43
44,44
35,45
48,46
26,47
6,48
49,49
50,50
54,51
53,52
53,53
54,54
55,55
57,56
57,57
58,58
59,59
0,0
18,1
48,2
48,3
35,4
15,5
6,6
7,7
8,8
12,9
11,10
11,11
14,12
13,13
14,14
4,15
4,16
19,17
18,18
19,19
20,20
21,21
22,22
41,23
24,24
34,25
26,26
9,27
12,28
10,29
30,30
30,31
45,32
12,33
34,34
35,35
48,36
37,37
38,38
39,39
47,40
41,41
42,42
48,43
12,44
45,45
46,46
47,47
22,48
49,49
50,50
54,51
49,52
49,53
50,54
57,55
57,56
57,57
58,58
59,59
0,0
18,1
48,2
48,3
35,4
15,5
6,6
7,7
8,8
9,9
12,10
12,11
12,12
13,13
14,14
25,15
24,16
18,17
18,18
48,19
20,20
6,21
22,22
23,23
23,24
25,25
26,26
38,27
10,28
11,29
30,30
30,31
32,32
12,33
34,34
35,35
48,36
37,37
38,38
39,39
26,40
41,41
42,42
36,43
44,44
45,45
32,46
47,47
6,48
49,49
49,50
51,51
57,52
49,53
54,54
55,55
57,56
57,57
58,58
59,59
0,0
18,1
22,2
22,3
4,4
5,5
6,6
7,7
8,8
9,9
11,10
11,11
12,12
13,13
14,14
4,15
4,16
48,17
18,18
13,19
6,20
21,21
22,22
41,23
24,24
48,25
26,26
9,27
12,28
11,29
30,30
48,31
32,32
12,33
34,34
35,35
45,36
22,37
38,38
39,39
14,40
41,41
42,42
3,43
9,44
4,45
48,46
47,47
22,48
49,49
50,50
54,51
49,52
49,53
50,54
57,55
50,56
57,57
58,58
59,59
43,0
18,1
48,2
48,3
4,4
5,5
6,6
7,7
8,8
9,9
9,10
28,11
12,12
13,13
14,14
15,15
34,16
17,17
18,18
19,19
20,20
21,21
22,22
4,23
4,24
25,25
26,26
43,27
29,28
29,29
30,30
30,31
32,32
9,33
34,34
35,35
48,36
37,37
38,38
38,39
40,40
41,41
42,42
48,43
44,44
45,45
48,46
47,47
48,48
49,49
50,50
51,51
53,52
53,53
54,54
57,55
54,56
57,57
58,58
59,59
0,0
1,1
2,2
48,3
4,4
5,5
22,6
7,7
8,8
9,9
10,10
29,11
12,12
13,13
14,14
15,15
15,16
18,17
18,18
22,19
6,20
21,21
22,22
50,23
57,24
25,25
26,26
53,27
38,28
29,29
53,30
53,31
53,32
38,33
7,34
53,35
48,36
37,37
38,38
38,39
53,40
58,41
58,42
53,43
47,44
57,45
48,46
7,47
48,48
49,49
50,50
54,51
52,52
53,53
54,54
55,55
57,56
57,57
58,58
59,59
43,0
1,1
43,2
3,3
4,4
5,5
21,6
8,8
9,9
9,10
28,11
12,12
13,13
14,14
15,15
34,16
18,17
18,18
6,19
6,20
21,21
21,22
48,23
4,24
25,25
26,26
43,27
29,28
28,29
30,30
30,31
32,32
9,33
34,34
35,35
36,36
37,37
38,38
38,39
40,40
41,41
42,42
43,43
44,44
45,45
48,46
47,47
48,48
49,49
50,50
51,51
53,52
53,53
54,54
57,55
50,56
57,57
58,58
59,59
0,0
1,1
43,2
48,3
4,4
15,5
22,6
7,7
8,8
12,9
11,10
29,11
12,12
13,13
14,14
15,15
15,16
18,17
18,18
19,19
20,20
21,21
22,22
23,23
4,24
25,25
26,26
37,27
44,28
29,29
30,30
30,31
32,32
9,33
34,34
35,35
48,36
37,37
38,38
38,39
32,40
41,41
42,42
37,43
44,44
45,45
48,46
44,47
48,48
49,49
50,50
49,51
53,52
53,53
54,54
55,55
57,56
57,57
58,58
59,59
43,0
1,1
43,2
48,3
4,4
5,5
6,6
7,7
8,8
9,9
9,10
11,11
10,12
13,13
14,14
15,15
34,16
17,17
18,18
6,19
6,20
21,21
22,22
4,23
4,24
25,25
26,26
48,27
29,28
29,29
30,30
30,31
32,32
9,33
34,34
35,35
48,36
37,37
38,38
38,39
48,40
41,41
42,42
43,43
38,44
45,45
48,46
44,47
48,48
49,49
50,50
49,51
57,52
53,53
54,54
57,55
50,56
57,57
58,58
59,59
31,0
1,1
2,2
48,3
4,4
5,5
22,6
8,8
9,9
28,10
28,11
12,12
13,13
14,14
15,15
15,16
12,17
18,18
48,19
20,20
48,21
22,22
23,23
4,24
25,25
26,26
48,27
24,28
28,29
30,30
30,31
32,32
38,33
34,34
35,35
9,36
22,37
38,38
9,39
38,40
41,41
42,42
39,43
44,44
45,45
48,46
7,47
48,48
49,49
50,50
49,51
53,52
53,53
54,54
57,55
57,56
57,57
58,58
59,59
45,0
1,1
43,2
48,3
4,4
5,5
13,6
42,7
8,8
9,9
57,10
29,11
12,12
54,13
54,14
50,15
15,16
18,17
18,18
19,19
6,20
21,21
22,22
23,23
24,24
25,25
26,26
27,27
11,28
35,29
30,30
31,31
32,32
9,33
34,34
35,35
48,36
3,37
38,38
39,39
48,40
41,41
42,42
22,43
44,44
45,45
48,46
47,47
48,48
49,49
58,50
51,51
53,52
53,53
54,54
55,55
50,56
57,57
58,58
59,59
3,0
14,1
46,2
48,3
44,4
5,5
6,6
42,7
8,8
9,9
11,10
11,11
12,12
13,13
14,14
14,15
15,16
18,17
18,18
15,19
20,20
21,21
22,22
58,23
58,24
58,25
26,26
58,27
12,28
12,29
58,30
58,31
58,32
9,33
58,34
58,35
48,36
58,37
38,38
39,39
58,40
58,41
58,42
9,43
58,44
58,45
43,46
47,47
48,48
49,49
49,50
51,51
53,52
53,53
54,54
55,55
57,56
57,57
58,58
59,59
35,0
27,1
43,2
48,3
4,4
5,5
13,6
47,7
8,8
9,9
24,10
29,11
12,12
13,13
14,14
23,15
41,16
48,17
18,18
19,19
6,20
21,21
22,22
23,23
24,24
25,25
26,26
48,27
29,28
29,29
30,30
31,31
31,32
9,33
34,34
35,35
48,36
43,37
38,38
39,39
48,40
41,41
42,42
22,43
24,44
45,45
3,46
47,47
48,48
49,49
50,50
51,51
53,52
57,53
54,54
55,55
50,56
57,57
58,58
59,59
0,0
18,1
46,2
48,3
44,4
5,5
6,6
42,7
8,8
9,9
11,10
11,11
12,12
13,13
13,14
15,15
15,16
18,17
18,18
20,19
20,20
21,21
22,22
41,23
24,24
25,25
26,26
27,27
12,28
11,29
30,30
31,31
32,32
9,33
34,34
35,35
48,36
22,37
38,38
39,39
48,40
41,41
42,42
48,43
32,44
24,45
36,46
47,47
48,48
6,49
49,50
59,51
53,52
53,53
54,54
55,55
50,56
57,57
58,58
58,59
0,0
1,1
43,2
48,3
4,4
5,5
6,6
7,7
8,8
9,9
9,10
29,11
12,12
13,13
14,14
24,15
34,16
17,17
18,18
19,19
6,20
21,21
22,22
23,23
24,24
25,25
26,26
27,27
29,28
29,29
30,30
31,31
32,32
9,33
34,34
35,35
48,36
22,37
38,38
39,39
48,40
41,41
42,42
22,43
44,44
45,45
48,46
47,47
48,48
49,49
58,50
59,51
57,52
53,53
54,54
55,55
50,56
57,57
58,58
59,59
48,0
48,1
3,2
48,3
44,4
5,5
6,6
42,7
8,8
9,9
11,10
28,11
12,12
13,13
14,14
12,15
4,16
48,17
18,18
18,19
18,20
48,21
22,22
41,23
35,24
25,25
26,26
27,27
29,28
29,29
30,30
22,31
32,32
9,33
34,34
35,35
48,36
37,37
38,38
39,39
48,40
41,41
42,42
36,43
24,44
4,45
45,46
47,47
48,48
49,49
49,50
59,51
53,52
53,53
54,54
55,55
50,56
57,57
58,58
59,59
0,0
1,1
43,2
48,3
4,4
5,5
6,6
7,7
8,8
9,9
11,10
29,11
12,12
13,13
14,14
34,15
34,16
18,17
18,18
48,19
6,20
21,21
22,22
23,23
24,24
25,25
26,26
27,27
29,28
11,29
30,30
31,31
38,32
9,33
34,34
35,35
36,36
37,37
38,38
39,39
40,40
41,41
42,42
48,43
44,44
45,45
48,46
47,47
48,48
49,49
57,50
51,51
52,52
53,53
54,54
57,55
57,56
57,57
58,58
59,59
0,0
1,1
3,2
48,3
4,4
34,5
6,6
7,7
8,8
9,9
12,10
29,11
12,12
13,13
4,14
15,15
15,16
18,17
48,18
20,19
20,20
21,21
22,22
23,23
24,24
25,25
26,26
27,27
11,28
11,29
30,30
31,31
32,32
9,33
34,34
35,35
48,36
22,37
38,38
39,39
38,40
34,41
42,42
48,43
24,44
45,45
48,46
47,47
48,48
49,49
50,50
51,51
52,52
53,53
54,54
55,55
57,56
57,57
58,58
59,59
0,0
14,1
3,2
48,3
4,4
5,5
6,6
7,7
8,8
9,9
11,10
29,11
12,12
13,13
14,14
34,15
34,16
18,17
18,18
14,19
20,20
21,21
22,22
23,23
24,24
25,25
26,26
12,27
29,28
10,29
30,30
31,31
38,32
9,33
34,34
35,35
48,36
9,37
38,38
39,39
36,40
41,41
42,42
48,43
44,44
32,45
0,46
47,47
48,48
49,49
50,50
51,51
52,52
53,53
54,54
55,55
57,56
57,57
58,58
59,59
0,0
1,1
2,2
48,3
4,4
5,5
6,6
7,7
8,8
9,9
11,10
29,11
12,12
13,13
14,14
15,15
15,16
18,17
18,18
20,19
20,20
21,21
22,22
23,23
24,24
25,25
26,26
27,27
11,28
11,29
30,30
31,31
32,32
9,33
34,34
35,35
48,36
37,37
38,38
39,39
38,40
23,41
42,42
22,43
44,44
45,45
48,46
47,47
48,48
49,49
50,50
51,51
57,52
53,53
54,54
57,55
57,56
57,57
58,58
59,59
0,0
1,1
3,2
48,3
24,4
5,5
6,6
7,7
8,8
9,9
11,10
11,11
12,12
13,13
14,14
34,15
34,16
18,17
18,18
20,19
6,20
21,21
22,22
23,23
24,24
25,25
26,26
27,27
10,28
11,29
30,30
31,31
38,32
9,33
34,34
35,35
36,36
37,37
38,38
39,39
48,40
41,41
42,42
43,43
44,44
45,45
46,46
47,47
48,48
49,49
50,50
51,51
53,52
53,53
54,54
57,55
56,56
57,57
58,58
59,59
12,0
1,1
48,2
48,3
4,4
34,5
6,6
7,7
8,8
9,9
12,10
11,11
12,12
13,13
14,14
15,15
48,16
18,17
45,18
20,19
20,20
21,21
22,22
23,23
24,24
25,25
26,26
27,27
28,28
11,29
30,30
31,31
32,32
9,33
34,34
35,35
48,36
22,37
38,38
39,39
40,40
34,41
42,42
32,43
32,44
45,45
22,46
47,47
9,48
49,49
50,50
51,51
52,52
53,53
54,54
55,55
50,56
57,57
58,58
59,59
3,0
18,1
43,2
48,3
4,4
5,5
6,6
7,7
8,8
9,9
28,10
11,11
12,12
13,13
14,14
34,15
34,16
17,17
18,18
19,19
20,20
21,21
22,22
23,23
24,24
25,25
26,26
27,27
29,28
29,29
30,30
31,31
32,32
9,33
34,34
35,35
40,36
18,37
38,38
39,39
40,40
41,41
42,42
36,43
44,44
45,45
3,46
47,47
48,48
49,49
50,50
51,51
53,52
53,53
54,54
55,55
34,56
57,57
58,58
59,59
0,0
18,1
48,2
48,3
4,4
34,5
6,6
7,7
8,8
9,9
4,10
4,11
12,12
13,13
14,14
24,15
14,16
18,17
18,18
18,19
20,20
21,21
22,22
23,23
4,24
25,25
26,26
27,27
11,28
29,29
30,30
31,31
32,32
9,33
34,34
35,35
9,36
18,37
38,38
39,39
40,40
34,41
42,42
9,43
44,44
24,45
48,46
44,47
22,48
49,49
57,50
51,51
53,52
53,53
54,54
57,55
57,56
57,57
58,58
59,59
20,0
18,1
43,2
48,3
4,4
5,5
6,6
7,7
8,8
9,9
28,10
11,11
12,12
13,13
14,14
34,15
34,16
18,17
18,18
19,19
14,20
21,21
48,22
23,23
24,24
25,25
26,26
38,27
29,28
29,29
30,30
30,31
32,32
9,33
34,34
28,35
18,36
18,37
38,38
9,39
40,40
41,41
42,42
36,43
24,44
9,45
3,46
47,47
48,48
49,49
50,50
51,51
53,52
53,53
54,54
55,55
34,56
57,57
58,58
59,59
0,0
18,1
48,2
48,3
4,4
5,5
6,6
7,7
8,8
9,9
12,10
4,11
12,12
13,13
14,14
24,15
15,16
18,17
18,18
18,19
20,20
21,21
22,22
23,23
4,24
25,25
26,26
48,27
10,28
10,29
30,30
31,31
32,32
9,33
34,34
35,35
36,36
18,37
38,38
39,39
40,40
34,41
42,42
48,43
44,44
45,45
48,46
44,47
22,48
49,49
50,50
51,51
53,52
53,53
54,54
55,55
49,56
57,57
58,58
59,59
3,0
18,1
3,2
48,3
4,4
5,5
6,6
7,7
8,8
9,9
32,10
11,11
12,12
13,13
14,14
34,15
34,16
18,17
18,18
19,19
20,20
21,21
22,22
23,23
45,24
25,25
26,26
27,27
29,28
29,29
30,30
31,31
32,32
9,33
34,34
35,35
36,36
37,37
38,38
39,39
40,40
34,41
42,42
48,43
44,44
45,45
48,46
47,47
48,48
49,49
50,50
51,51
53,52
53,53
54,54
55,55
50,56
57,57
58,58
59,59
45,0
18,1
32,2
48,3
4,4
34,5
6,6
58,7
58,8
58,9
58,10
58,11
58,12
58,13
58,14
58,15
58,16
58,17
58,18
58,19
58,20
58,21
58,22
58,23
58,24
25,25
26,26
58,27
58,28
58,29
58,30
58,31
58,32
58,33
58,34
58,35
58,36
58,37
58,38
58,39
58,40
58,41
58,42
58,43
58,44
58,45
58,46
58,47
58,48
49,49
50,50
51,51
53,52
53,53
49,54
57,55
50,56
57,57
58,58
59,59
3,0
12,1
3,2
9,3
34,4
5,5
6,6
7,7
8,8
9,9
11,10
29,11
9,12
48,13
13,14
4,15
15,16
36,17
18,18
19,19
20,20
21,21
22,22
23,23
4,24
25,25
26,26
27,27
4,28
29,29
31,30
31,31
32,32
9,33
34,34
29,35
48,36
6,37
38,38
38,39
38,40
41,41
42,42
48,43
24,44
24,45
3,46
47,47
48,48
49,49
50,50
51,51
52,52
53,53
54,54
57,55
57,56
57,57
58,58
59,59
3,0
12,1
3,2
48,3
4,4
5,5
6,6
42,7
8,8
9,9
11,10
11,11
12,12
13,13
14,14
15,15
15,16
3,17
18,18
19,19
20,20
21,21
22,22
23,23
24,24
25,25
26,26
0,27
11,28
57,29
31,30
22,31
32,32
28,33
34,34
29,35
3,36
37,37
38,38
39,39
48,40
41,41
42,42
3,43
44,44
24,45
48,46
47,47
48,48
49,49
50,50
54,51
52,52
53,53
54,54
55,55
57,56
57,57
58,58
59,59
0,0
27,1
3,2
20,3
34,4
5,5
6,6
7,7
8,8
9,9
11,10
29,11
45,12
13,13
13,14
15,15
15,16
3,17
18,18
20,19
20,20
48,21
11,22
23,23
24,24
25,25
26,26
27,27
24,28
29,29
22,30
21,31
32,32
9,33
34,34
4,35
36,36
26,37
9,38
39,39
18,40
41,41
42,42
48,43
24,44
45,45
48,46
47,47
48,48
4,49
50,50
51,51
52,52
53,53
54,54
55,55
57,56
57,57
58,58
59,59
0,0
11,1
3,2
48,3
4,4
5,5
6,6
42,7
8,8
9,9
11,10
28,11
12,12
13,13
14,14
15,15
15,16
3,17
18,18
19,19
20,20
21,21
22,22
23,23
24,24
25,25
26,26
0,27
11,28
11,29
31,30
31,31
32,32
9,33
34,34
29,35
3,36
37,37
38,38
39,39
43,40
41,41
42,42
3,43
44,44
24,45
48,46
47,47
48,48
49,49
50,50
50,51
57,52
53,53
54,54
55,55
50,56
57,57
58,58
59,59
0,0
4,1
3,2
48,3
23,4
5,5
6,6
7,7
8,8
9,9
11,10
11,11
12,12
13,13
48,14
15,15
15,16
3,17
18,18
19,19
20,20
21,21
22,22
23,23
4,24
25,25
26,26
27,27
29,28
29,29
31,30
31,31
32,32
9,33
34,34
29,35
3,36
6,37
38,38
39,39
38,40
41,41
42,42
48,43
44,44
24,45
3,46
47,47
48,48
49,49
50,50
51,51
53,52
53,53
54,54
57,55
57,56
57,57
58,58
59,59
4,0
45,1
11,2
48,3
4,4
5,5
6,6
7,7
8,8
9,9
11,10
11,11
9,12
13,13
14,14
4,15
4,16
48,17
18,18
19,19
20,20
22,21
22,22
6,23
24,24
25,25
26,26
48,27
28,28
35,29
30,30
22,31
32,32
28,33
34,34
28,35
48,36
37,37
32,38
39,39
48,40
34,41
42,42
36,43
9,44
48,45
48,46
47,47
9,48
49,49
50,50
51,51
52,52
53,53
54,54
55,55
50,56
57,57
58,58
59,59
3,0
1,1
43,2
48,3
24,4
34,5
6,6
7,7
8,8
9,9
12,10
11,11
12,12
13,13
14,14
15,15
15,16
18,17
18,18
20,19
18,20
21,21
22,22
23,23
24,24
25,25
26,26
27,27
11,28
29,29
30,30
31,31
32,32
9,33
34,34
35,35
9,36
6,37
9,38
39,39
38,40
41,41
42,42
48,43
44,44
45,45
40,46
47,47
48,48
49,49
50,50
51,51
52,52
53,53
54,54
55,55
50,56
53,57
58,58
59,59
17,0
18,1
22,2
48,3
4,4
5,5
6,6
7,7
8,8
9,9
10,10
11,11
12,12
13,13
14,14
15,15
12,16
18,17
18,18
18,19
6,20
21,21
22,22
23,23
24,24
25,25
26,26
27,27
28,28
29,29
30,30
31,31
32,32
9,33
34,34
35,35
48,36
37,37
9,38
9,39
32,40
4,41
42,42
48,43
9,44
24,45
48,46
47,47
48,48
49,49
49,50
59,51
57,52
53,53
54,54
55,55
49,56
57,57
58,58
59,59
9,0
14,1
43,2
48,3
6,6
7,7
8,8
11,9
13,10
11,11
10,12
13,13
14,14
15,15
15,16
17,17
4,18
20,19
18,20
48,21
48,22
23,23
15,24
25,25
26,26
27,27
11,28
29,29
30,30
22,31
45,32
9,33
34,34
28,35
10,36
19,37
48,38
9,39
38,40
41,41
42,42
43,43
24,44
45,45
3,46
47,47
48,48
58,49
54,50
51,51
57,52
53,53
54,54
55,55
50,56
57,57
58,58
59,59
17,0
1,1
48,2
48,3
23,4
5,5
6,6
7,7
8,8
48,9
11,10
29,11
48,12
13,13
14,14
15,15
12,16
18,17
18,18
20,19
20,20
21,21
22,22
23,23
24,24
25,25
26,26
27,27
4,28
11,29
30,30
31,31
32,32
9,33
34,34
35,35
48,36
37,37
38,38
39,39
48,40
34,41
42,42
48,43
38,44
24,45
3,46
47,47
48,48
49,49
49,50
49,51
53,52
53,53
54,54
49,55
57,56
53,57
58,58
59,59
3,0
1,1
48,2
48,3
4,4
34,5
6,6
7,7
8,8
48,9
15,10
29,11
12,12
6,13
14,14
15,15
15,16
18,17
18,18
20,19
20,20
21,21
22,22
23,23
24,24
25,25
26,26
27,27
11,28
29,29
30,30
22,31
32,32
9,33
34,34
35,35
45,36
37,37
6,38
39,39
48,40
41,41
42,42
43,43
44,44
24,45
48,46
47,47
48,48
49,49
50,50
51,51
49,52
53,53
54,54
57,55
57,56
57,57
58,58
58,59
12,0
18,1
48,2
48,3
4,4
5,5
6,6
42,7
29,10
15,11
12,12
15,13
58,14
15,15
15,16
17,17
18,18
6,19
48,20
13,21
48,22
23,23
25,25
26,26
27,27
28,28
11,29
31,30
31,31
32,32
4,33
34,34
35,35
48,36
22,37
32,38
9,39
32,40
48,41
42,42
9,43
24,44
45,45
6,46
47,47
48,48
49,49
49,50
49,51
53,52
53,53
54,54
55,55
57,56
57,57
58,58
59,59
3,0
18,1
3,2
48,3
4,4
5,5
6,6
7,7
8,8
48,9
10,10
11,11
12,12
13,13
14,14
23,15
15,16
17,17
18,18
19,19
20,20
21,21
22,22
23,23
24,24
25,25
26,26
27,27
28,28
11,29
22,30
31,31
32,32
32,33
34,34
4,35
48,36
37,37
38,38
39,39
38,40
41,41
42,42
3,43
29,44
4,45
48,46
15,47
48,48
49,49
50,50
51,51
53,52
49,53
54,54
57,55
50,56
57,57
58,58
59,59
48,0
1,1
3,2
48,3
4,4
5,5
6,6
7,7
8,8
48,9
12,10
28,11
12,12
13,13
13,14
56,15
57,16
3,17
18,18
13,19
6,20
21,21
22,22
23,23
4,24
25,25
26,26
12,27
12,28
11,29
22,30
3,31
48,32
9,33
34,34
35,35
45,36
22,37
38,38
39,39
9,40
41,41
42,42
48,43
44,44
24,45
48,46
47,47
48,48
49,49
49,50
51,51
52,52
53,53
54,54
49,55
57,56
55,57
58,58
59,59
3,0
1,1
3,2
48,3
4,4
5,5
6,6
7,7
8,8
9,9
12,10
11,11
57,12
6,13
13,14
23,15
4,16
18,17
18,18
19,19
20,20
21,21
22,22
23,23
24,24
25,25
26,26
27,27
4,28
4,29
31,30
22,31
32,32
9,33
34,34
29,35
28,36
20,37
38,38
39,39
38,40
41,41
42,42
48,43
45,44
4,45
45,46
47,47
48,48
49,49
50,50
51,51
54,52
53,53
54,54
57,55
50,56
57,57
58,58
59,59
0,0
1,1
43,2
48,3
4,4
5,5
6,6
7,7
8,8
48,9
15,10
11,11
12,12
13,13
13,14
15,15
15,16
3,17
18,18
13,19
20,20
21,21
22,22
23,23
57,24
25,25
26,26
12,27
12,28
29,29
22,30
48,31
9,32
9,33
34,34
35,35
48,36
22,37
38,38
39,39
38,40
41,41
42,42
36,43
44,44
24,45
9,46
47,47
48,48
49,49
49,50
51,51
52,52
49,53
54,54
57,55
57,56
57,57
58,58
59,59
3,0
3,2
4,4
5,5
6,6
7,7
8,8
45,9
12,10
12,11
12,12
13,13
14,14
4,15
4,16
17,17
18,18
19,19
20,20
21,21
22,22
23,23
24,24
25,25
26,26
27,27
29,28
29,29
31,30
31,31
32,32
9,33
34,34
4,35
3,36
37,37
38,38
39,39
38,40
41,41
42,42
3,43
28,44
4,45
48,46
47,47
48,48
49,49
50,50
49,51
54,52
53,53
54,54
57,55
49,56
57,57
58,58
59,59
12,0
12,1
48,2
48,3
4,4
5,5
26,6
7,7
8,8
9,9
12,10
29,11
12,12
13,13
6,14
15,15
15,16
48,17
9,18
13,19
6,20
48,21
22,22
23,23
24,24
25,25
26,26
27,27
12,28
29,29
22,30
22,31
9,32
9,33
34,34
22,35
48,36
37,37
38,38
9,39
45,40
41,41
42,42
9,43
45,44
24,45
32,46
47,47
48,48
49,49
49,50
50,51
57,52
49,53
54,54
57,55
53,56
57,57
58,58
41,59
0,0
1,1
3,2
48,3
4,4
5,5
6,6
7,7
8,8
9,9
12,10
11,11
48,12
13,13
14,14
20,15
13,16
20,17
47,18
21,19
21,20
21,21
48,22
23,23
48,24
25,25
26,26
48,27
48,28
15,29
21,30
31,31
9,32
9,33
34,34
11,35
3,36
37,37
38,38
39,39
48,40
41,41
58,42
43,43
44,44
4,45
48,46
47,47
48,48
49,49
49,50
51,51
53,52
49,53
54,54
55,55
54,56
57,57
58,58
59,59
22,0
18,1
22,2
48,3
4,4
34,5
6,6
7,7
8,8
9,9
9,10
29,11
12,12
13,13
14,14
15,15
12,16
18,17
29,18
19,19
22,20
21,21
22,22
41,23
15,24
25,25
26,26
45,27
12,28
29,29
31,30
29,31
9,32
9,33
34,34
29,35
48,36
30,37
38,38
31,39
3,40
41,41
42,42
48,43
15,44
24,45
9,46
15,47
48,48
49,49
49,50
49,51
52,52
53,53
54,54
55,55
57,56
57,57
58,58
59,59
0,0
1,1
3,2
48,3
14,4
5,5
13,6
7,7
8,8
32,9
4,10
28,11
48,12
13,13
24,14
15,15
15,16
18,17
18,18
48,19
13,20
21,21
21,22
23,23
45,24
25,25
26,26
48,27
12,28
29,29
22,30
21,31
9,32
9,33
34,34
29,35
3,36
48,37
12,38
38,39
40,40
5,41
42,42
48,43
44,44
48,45
48,46
47,47
48,48
49,49
49,50
51,51
57,52
49,53
54,54
55,55
56,56
57,57
58,58
59,59
0,0
18,1
22,2
48,3
4,4
5,5
13,6
7,7
8,8
48,9
48,10
29,11
13,12
13,13
14,14
15,15
15,16
18,17
18,18
19,19
20,20
21,21
22,22
41,23
15,24
25,25
26,26
15,27
12,28
11,29
8,30
21,31
45,32
48,33
34,34
29,35
3,36
22,37
38,38
8,39
3,40
41,41
42,42
48,43
15,44
45,45
36,46
47,47
48,48
49,49
49,50
50,51
49,52
53,53
54,54
55,55
57,56
57,57
58,58
59,59
48,0
48,1
11,2
48,3
14,4
34,5
6,6
58,7
48,9
12,10
11,11
13,12
13,13
14,14
23,23
26,26
48,29
48,30
19,31
11,32
48,33
34,34
15,35
48,36
45,37
45,38
26,39
48,40
41,41
42,42
48,43
44,44
4,45
9,46
47,47
48,48
49,49
49,50
51,51
54,52
53,53
54,54
55,55
57,56
53,57
58,58
59,59
29,0
12,1
48,3
35,4
5,5
6,6
7,7
8,8
22,9
29,10
29,11
12,12
13,13
14,14
15,15
12,16
18,17
18,18
19,19
20,20
21,21
29,22
41,23
15,24
25,25
26,26
3,27
12,28
29,29
9,30
48,31
9,32
48,33
34,34
15,35
48,36
35,37
32,38
31,39
29,40
41,41
42,42
45,43
45,44
45,45
45,46
47,47
48,48
6,49
54,50
59,51
23,52
9,53
45,54
4,55
40,56
32,57
58,58
59,59
0,0
48,1
3,2
48,3
4,4
34,5
6,6
7,7
8,8
9,9
11,10
29,11
21,12
13,13
14,14
15,15
15,16
17,17
18,18
48,19
20,20
21,21
22,22
41,23
24,24
25,25
26,26
27,27
14,28
29,29
22,30
31,31
9,32
9,33
34,34
29,35
3,36
37,37
38,38
39,39
40,40
41,41
42,42
3,43
15,44
4,45
48,46
47,47
48,48
49,49
50,50
51,51
53,52
53,53
54,54
55,55
55,56
57,57
58,58
59,59
22,0
9,1
43,2
48,3
4,4
34,5
13,6
7,7
8,8
9,9
48,10
28,11
12,12
13,13
14,14
15,15
12,16
36,17
3,18
19,19
18,20
21,21
48,22
41,23
45,24
25,25
26,26
27,27
12,28
11,29
22,30
22,31
32,32
9,33
34,34
35,35
48,36
19,37
38,38
39,39
48,40
41,41
42,42
3,43
44,44
24,45
48,46
47,47
48,48
54,49
54,50
50,51
52,52
53,53
54,54
55,55
57,56
57,57
58,58
59,59
36,1
48,3
4,4
5,5
6,6
7,7
8,8
12,9
9,10
29,11
19,12
14,14
14,15
16,16
17,17
18,18
48,19
20,20
21,21
22,22
41,23
24,24
23,25
26,26
27,27
15,28
29,29
22,30
31,31
32,32
9,33
34,34
29,35
9,36
19,37
38,38
39,39
18,40
41,41
42,42
22,43
15,44
4,45
48,46
47,47
48,48
35,49
41,50
41,51
54,52
53,53
54,54
12,55
57,56
57,57
58,58
59,59
3,0
9,1
43,2
48,3
4,4
34,5
6,6
7,7
8,8
48,9
15,10
29,11
48,12
13,13
14,14
15,15
12,16
36,17
3,18
19,19
20,20
21,21
48,22
41,23
15,24
25,25
26,26
27,27
12,28
29,29
22,30
31,31
32,32
12,33
34,34
35,35
48,36
37,37
38,38
22,39
47,40
41,41
42,42
3,43
44,44
24,45
48,46
47,47
48,48
49,49
50,50
51,51
52,52
53,53
54,54
55,55
57,56
57,57
58,58
59,59
0,0
48,1
3,2
48,3
4,4
34,5
6,6
7,7
8,8
9,9
13,10
29,11
13,12
13,13
14,14
15,15
15,16
17,17
18,18
19,19
20,20
21,21
22,22
41,23
24,24
45,25
26,26
27,27
14,28
29,29
22,30
31,31
32,32
12,33
34,34
29,35
3,36
37,37
38,38
39,39
40,40
41,41
42,42
3,43
15,44
4,45
3,46
47,47
48,48
49,49
50,50
51,51
53,52
53,53
54,54
55,55
57,56
57,57
58,58
59,59
3,0
29,1
28,2
48,3
4,4
5,5
12,6
7,7
8,8
48,9
12,10
29,11
12,12
26,13
15,14
24,15
27,16
48,17
12,18
19,19
18,20
48,21
48,22
41,23
24,24
45,25
26,26
27,27
12,28
29,29
22,30
31,31
32,32
12,33
34,34
35,35
48,36
19,37
38,38
39,39
47,40
41,41
42,42
9,43
4,44
24,45
48,46
47,47
48,48
50,49
54,50
50,51
53,52
53,53
54,54
6,55
57,56
57,57
58,58
59,59
18,0
1,1
48,2
48,3
4,4
34,5
6,6
7,7
8,8
11,9
11,10
29,11
12,12
13,13
14,14
29,15
29,16
18,17
18,18
18,19
20,20
48,21
22,22
41,23
24,24
25,25
26,26
48,27
12,28
29,29
22,30
31,31
18,32
9,33
34,34
35,35
36,36
20,37
9,38
9,39
48,40
41,41
42,42
3,43
44,44
24,45
3,46
47,47
48,48
49,49
50,50
51,51
53,52
53,53
54,54
55,55
49,56
57,57
58,58
59,59
18,0
18,1
11,2
48,3
6,4
5,5
58,6
7,7
8,8
48,9
11,10
22,11
48,12
13,13
14,14
4,15
29,16
22,17
18,18
12,20
48,21
48,22
41,23
45,24
25,25
26,26
27,27
10,28
29,29
31,30
12,31
9,32
12,33
34,34
35,35
48,36
20,37
9,38
9,39
14,40
41,41
42,42
48,43
44,44
4,45
3,46
47,47
48,48
49,49
50,50
51,51
54,52
53,53
54,54
55,55
57,56
57,57
58,58
58,59
18,0
18,1
48,2
48,3
24,4
34,5
6,6
7,7
8,8
48,9
12,10
29,11
12,12
13,13
13,14
15,15
15,16
13,17
18,18
13,19
20,20
48,21
48,22
41,23
24,24
25,25
26,26
43,27
54,28
29,29
21,30
22,31
18,32
48,33
34,34
35,35
36,36
18,37
38,38
9,39
46,40
41,41
42,42
3,43
44,44
45,45
3,46
47,47
48,48
49,49
50,50
51,51
54,52
53,53
54,54
55,55
49,56
57,57
58,58
59,59
18,0
18,1
48,2
48,3
49,4
5,5
58,6
7,7
8,8
48,9
11,10
11,11
22,12
4,13
14,14
15,15
29,16
22,17
20,18
20,19
54,20
21,21
48,22
41,23
12,24
25,25
26,26
48,27
12,28
11,29
31,30
12,31
9,32
11,33
34,34
35,35
3,36
18,37
38,38
9,39
14,40
41,41
42,42
3,43
44,44
24,45
36,46
47,47
10,48
49,49
50,50
49,51
52,52
53,53
54,54
55,55
57,56
57,57
58,58
59,59
18,0
1,1
48,2
48,3
4,4
15,5
6,6
7,7
8,8
11,9
11,10
29,11
12,12
13,13
14,14
15,15
29,16
18,17
18,18
18,19
20,20
48,21
22,22
41,23
24,24
25,25
26,26
3,27
14,28
29,29
22,30
31,31
9,32
11,33
34,34
35,35
36,36
20,37
38,38
9,39
46,40
41,41
42,42
3,43
44,44
45,45
3,46
47,47
48,48
49,49
50,50
50,51
53,52
53,53
54,54
55,55
49,56
57,57
58,58
59,59
1,0
48,1
48,2
13,3
19,4
5,5
6,6
7,7
8,8
48,9
45,10
3,11
21,12
13,13
14,14
14,15
4,16
22,17
20,18
20,19
6,20
48,21
6,22
41,23
12,24
25,25
26,26
3,27
11,28
11,29
11,30
22,31
9,32
9,33
34,34
35,35
48,36
49,37
54,38
9,39
54,40
41,41
36,43
35,44
12,45
11,46
47,47
48,48
15,49
15,50
15,51
15,52
15,53
15,54
57,55
57,56
57,57
58,58
59,59
0,0
18,1
2,2
48,3
4,4
5,5
6,6
7,7
8,8
36,9
29,10
29,11
12,12
13,13
14,14
4,15
29,16
18,17
18,18
19,19
20,20
21,21
22,22
23,23
24,24
25,25
26,26
0,27
11,28
29,29
22,30
31,31
28,32
9,33
34,34
35,35
48,36
22,37
38,38
39,39
34,40
41,41
42,42
48,43
15,44
45,45
9,46
15,47
11,48
49,49
50,50
49,51
52,52
53,53
54,54
55,55
57,56
57,57
58,58
59,59
48,0
1,1
22,2
48,3
4,4
5,5
6,6
7,7
8,8
9,9
11,10
11,11
12,12
13,13
14,14
34,15
34,16
18,17
18,18
13,19
6,20
21,21
22,22
23,23
24,24
25,25
26,26
48,27
10,28
11,29
22,30
31,31
32,32
11,33
34,34
35,35
36,36
37,37
9,38
6,39
48,40
34,41
42,42
48,43
47,44
24,45
36,46
47,47
48,48
49,49
54,50
54,51
52,52
53,53
54,54
55,55
56,56
57,57
58,58
58,59
3,0
48,1
22,2
48,3
4,4
34,5
6,6
7,7
8,8
36,9
11,10
10,11
48,12
13,13
13,14
16,15
15,16
18,17
18,18
13,19
6,20
21,21
48,22
23,23
14,24
25,25
26,26
9,27
11,28
29,29
21,30
31,31
28,32
9,33
34,34
35,35
48,36
19,37
38,38
39,39
34,40
41,41
42,42
48,43
14,44
45,45
11,46
15,47
12,48
49,49
50,50
50,51
49,52
53,53
54,54
55,55
52,56
57,57
58,58
59,59
22,0
1,1
22,2
48,3
4,4
15,5
6,6
7,7
8,8
9,9
11,10
11,11
12,12
13,13
14,14
23,15
34,16
18,17
18,18
13,19
13,20
21,21
22,22
23,23
14,24
25,25
26,26
48,27
10,28
11,29
22,30
31,31
32,32
11,33
34,34
35,35
36,36
37,37
9,38
6,39
48,40
34,41
42,42
48,43
44,44
24,45
3,46
47,47
48,48
57,49
50,50
54,51
52,52
53,53
54,54
55,55
56,56
57,57
58,58
59,59
3,0
4,1
2,2
48,3
4,4
15,5
6,6
7,7
8,8
48,9
29,10
29,11
12,12
13,13
6,14
15,15
29,16
18,17
48,18
19,19
20,20
21,21
22,22
23,23
14,24
25,25
26,26
0,27
11,28
29,29
22,30
31,31
32,32
9,33
34,34
35,35
3,36
22,37
38,38
39,39
34,40
59,41
42,42
36,43
44,44
45,45
48,46
47,47
11,48
49,49
50,50
49,51
52,52
53,53
54,54
55,55
57,56
57,57
58,58
59,59
3,0
1,1
3,2
48,3
57,4
54,5
49,6
7,7
8,8
48,9
28,10
11,11
12,12
13,13
14,14
34,15
34,16
13,17
18,18
13,19
6,20
21,21
48,22
14,23
14,24
25,25
26,26
36,27
4,28
29,29
22,30
22,31
31,32
4,33
34,34
35,35
45,36
22,37
48,38
6,39
4,40
41,41
42,42
36,43
40,44
24,45
45,46
47,47
48,48
49,49
54,50
59,51
52,52
53,53
54,54
58,55
57,56
57,57
58,58
59,59
18,0
18,1
3,2
3,3
4,4
15,5
6,6
7,7
8,8
11,9
29,10
29,11
12,12
13,13
14,14
4,15
29,16
0,17
18,18
19,19
20,20
21,21
22,22
41,23
17,24
25,25
26,26
48,27
11,28
29,29
31,30
31,31
32,32
9,33
15,34
35,35
36,36
0,37
9,38
39,39
48,40
41,41
42,42
3,43
44,44
24,45
36,46
47,47
48,48
49,49
50,50
51,51
57,52
57,53
54,54
55,55
57,56
57,57
58,58
59,59
22,0
1,1
3,2
48,3
4,4
34,5
6,6
7,7
8,8
48,9
48,10
29,11
12,12
13,13
14,14
15,15
29,16
17,17
18,18
19,19
20,20
48,21
22,22
41,23
18,24
25,25
26,26
22,27
11,28
11,29
22,30
22,31
28,32
12,33
34,34
35,35
36,36
22,37
38,38
9,39
48,40
41,41
42,42
14,43
15,44
24,45
48,46
47,47
48,48
49,49
57,50
54,51
52,52
53,53
54,54
55,55
23,56
4,57
58,58
59,59
48,0
12,1
48,2
48,3
4,4
5,5
6,6
7,7
8,8
48,9
15,10
29,11
48,12
13,13
14,14
15,15
12,16
48,17
18,18
19,19
20,20
21,21
22,22
41,23
17,24
25,25
26,26
48,27
11,28
29,29
30,30
31,31
32,32
9,33
15,34
35,35
11,36
20,37
38,38
39,39
40,40
41,41
42,42
43,43
44,44
9,45
36,46
47,47
13,48
49,49
50,50
51,51
57,52
53,53
54,54
50,55
57,56
57,57
58,58
59,59
0,0
4,1
3,2
48,3
4,4
5,5
6,6
7,7
8,8
12,9
11,10
29,11
13,12
13,13
14,14
15,15
15,16
17,17
18,18
19,19
20,20
21,21
22,22
41,23
18,24
25,25
26,26
3,27
29,28
29,29
31,30
22,31
28,32
12,33
34,34
35,35
36,36
22,37
9,38
12,39
48,40
41,41
42,42
3,43
15,44
45,45
9,46
15,47
48,48
49,49
50,50
54,51
57,52
53,53
54,54
49,55
57,56
57,57
58,58
59,59
18,0
15,1
2,2
48,3
23,4
15,5
6,6
7,7
8,8
48,9
10,10
29,11
12,12
13,13
14,14
14,15
29,16
0,17
18,18
19,19
20,20
21,21
22,22
41,23
17,24
25,25
26,26
48,27
29,28
29,29
30,30
31,31
32,32
9,33
47,34
35,35
36,36
22,37
38,38
39,39
48,40
41,41
42,42
48,43
44,44
24,45
3,46
47,47
48,48
49,49
50,50
51,51
53,52
53,53
57,54
57,55
57,56
57,57
58,58
59,59
22,0
1,1
4,2
48,3
4,4
5,5
6,6
7,7
8,8
48,9
48,10
11,11
12,12
13,13
14,14
15,15
12,16
14,17
18,18
19,19
20,20
48,21
22,22
41,23
12,24
25,25
26,26
48,27
29,28
11,29
31,30
29,31
28,32
11,33
34,34
35,35
48,36
48,37
32,38
12,39
48,40
41,41
42,42
3,43
15,44
12,45
3,46
47,47
48,48
49,49
54,50
54,51
57,52
53,53
54,54
50,55
57,56
57,57
58,58
59,59
0,0
1,1
43,2
48,3
7,4
5,5
6,6
7,7
6,8
48,9
12,10
11,11
12,12
13,13
14,14
24,15
12,16
36,17
18,18
19,19
22,20
21,21
22,22
23,23
24,24
25,25
26,26
27,27
10,28
4,29
30,30
31,31
9,32
48,33
34,34
35,35
48,36
37,37
38,38
39,39
18,40
34,41
42,42
36,43
44,44
45,45
48,46
47,47
48,48
49,49
49,50
51,51
53,52
53,53
54,54
55,55
57,56
57,57
58,58
59,59
27,0
27,1
3,2
48,3
4,4
15,5
6,6
7,7
15,8
9,9
12,10
11,11
13,12
13,13
14,14
24,15
14,16
17,17
36,18
19,19
20,20
21,21
22,22
41,23
4,24
25,25
26,26
48,27
11,28
29,29
31,30
22,31
12,32
9,33
34,34
35,35
3,36
37,37
38,38
39,39
48,40
41,41
42,42
22,43
45,44
45,45
48,46
47,47
48,48
50,49
50,50
54,51
53,52
53,53
54,54
57,55
57,56
57,57
58,58
59,59
0,0
1,1
48,2
48,3
45,4
5,5
6,6
7,7
26,8
9,9
12,10
10,11
12,12
13,13
14,14
15,15
12,16
36,17
18,18
13,19
21,20
21,21
22,22
23,23
24,24
25,25
26,26
27,27
29,28
29,29
31,30
22,31
9,32
9,33
34,34
24,35
18,36
37,37
9,38
39,39
18,40
34,41
42,42
18,43
45,44
4,45
9,46
47,47
48,48
49,49
54,50
51,51
54,52
53,53
54,54
55,55
49,56
57,57
58,58
59,59
0,0
27,1
3,2
48,3
4,4
15,5
6,6
7,7
8,8
48,9
12,10
10,11
13,12
13,13
14,14
15,15
14,16
17,17
36,18
19,19
6,20
21,21
22,22
41,23
4,24
25,25
26,26
48,27
29,28
29,29
30,30
31,31
32,32
9,33
34,34
35,35
3,36
37,37
38,38
39,39
45,40
41,41
42,42
40,43
45,44
45,45
48,46
47,47
48,48
50,49
50,50
54,51
53,52
53,53
54,54
57,55
49,56
57,57
58,58
59,59
0,0
1,1
43,2
48,3
4,4
5,5
6,6
7,7
6,8
9,9
12,10
12,11
12,12
13,13
14,14
45,15
24,16
36,17
18,18
13,19
22,20
21,21
22,22
23,23
24,24
25,25
26,26
27,27
29,28
29,29
30,30
31,31
9,32
9,33
34,34
35,35
48,36
37,37
38,38
39,39
40,40
34,41
42,42
36,43
44,44
45,45
36,46
47,47
48,48
49,49
49,50
51,51
57,52
53,53
54,54
55,55
57,56
57,57
58,58
59,59
27,0
27,1
3,2
48,3
4,4
15,5
6,6
7,7
45,8
48,9
29,10
11,11
48,12
13,13
14,14
23,15
14,16
9,17
36,18
19,19
6,20
21,21
22,22
41,23
4,24
25,25
26,26
48,27
12,28
28,29
31,30
22,31
32,32
9,33
34,34
35,35
36,36
37,37
38,38
39,39
48,40
41,41
42,42
48,43
45,44
24,45
48,46
47,47
48,48
50,49
50,50
49,51
53,52
53,53
54,54
57,55
50,56
57,57
58,58
59,59
17,0
6,1
48,2
48,3
4,4
5,5
54,6
7,7
8,8
9,9
29,10
10,11
12,12
13,13
14,14
23,15
23,16
14,17
18,18
19,19
20,20
9,21
30,22
41,23
24,24
25,25
26,26
9,27
12,28
29,29
23,30
31,31
38,32
9,33
34,34
35,35
48,36
37,37
38,38
39,39
48,40
34,41
42,42
48,43
44,44
4,45
48,46
47,47
48,48
49,49
50,50
54,51
54,52
53,53
54,54
55,55
50,56
57,57
58,58
41,59
0,0
20,1
3,2
48,3
4,4
15,5
6,6
7,7
8,8
9,9
12,10
11,11
12,12
13,13
14,14
12,15
15,16
9,17
48,18
48,19
48,20
9,21
22,22
41,23
24,24
25,25
26,26
0,27
11,28
29,29
30,30
22,31
32,32
9,33
34,34
4,35
9,36
48,37
9,38
39,39
48,40
41,41
42,42
48,43
7,44
24,45
48,46
47,47
48,48
49,49
50,50
49,51
57,52
53,53
54,54
55,55
57,56
57,57
58,58
59,59
17,0
14,1
3,2
48,3
4,4
5,5
54,6
7,7
8,8
9,9
29,10
10,11
12,12
13,13
14,14
48,15
48,16
13,17
14,18
48,19
20,20
9,21
22,22
41,23
35,24
25,25
26,26
44,27
11,28
10,29
4,30
31,31
38,32
9,33
34,34
4,35
48,36
48,37
38,38
39,39
48,40
41,41
42,42
40,43
4,44
14,45
48,46
47,47
48,48
54,49
50,50
54,51
54,52
49,53
54,54
55,55
54,56
57,57
58,58
59,59
0,0
1,1
3,2
48,3
4,4
15,5
6,6
47,7
8,8
9,9
12,10
10,11
12,12
13,13
14,14
45,15
15,16
36,17
18,18
48,19
22,20
9,21
30,22
41,23
24,24
25,25
26,26
48,27
10,28
29,29
37,30
30,31
32,32
9,33
34,34
35,35
36,36
37,37
9,38
39,39
40,40
41,41
42,42
48,43
44,44
45,45
36,46
47,47
48,48
49,49
57,50
51,51
57,52
53,53
54,54
57,55
50,56
57,57
58,58
59,59
0,0
6,1
48,2
48,3
4,4
5,5
12,6
7,7
8,8
48,9
24,10
10,11
12,12
13,13
14,14
34,15
4,16
17,17
18,18
19,19
6,20
9,21
30,22
41,23
24,24
25,25
26,26
9,27
12,28
29,29
4,30
31,31
38,32
9,33
34,34
35,35
36,36
37,37
38,38
39,39
48,40
34,41
42,42
27,43
44,44
24,45
48,46
47,47
48,48
49,49
50,50
54,51
56,52
49,53
54,54
57,55
56,56
57,57
58,58
59,59
48,0
4,1
48,2
48,3
4,4
34,5
6,6
7,7
8,8
9,9
12,10
11,11
12,12
13,13
13,14
12,15
15,16
12,17
48,18
19,19
13,20
9,21
22,22
41,23
4,24
25,25
26,26
48,27
28,28
4,29
30,30
22,31
32,32
9,33
34,34
35,35
36,36
37,37
38,38
39,39
48,40
41,41
42,42
48,43
22,44
24,45
36,46
47,47
48,48
49,49
50,50
51,51
57,52
53,53
54,54
55,55
57,56
57,57
59,59
48,0
1,1
3,2
48,3
4,4
5,5
6,6
42,7
8,8
48,9
12,10
29,11
48,12
13,13
13,14
29,15
15,16
18,17
18,18
13,19
20,20
21,21
31,22
41,23
24,24
25,25
26,26
27,27
12,28
10,29
30,30
30,31
32,32
9,33
34,34
35,35
4,36
37,37
38,38
31,39
20,40
41,41
42,42
18,43
15,44
4,45
48,46
15,47
11,48
49,49
50,50
54,51
53,52
53,53
54,54
55,55
57,56
57,57
58,58
59,59
0,0
29,1
3,2
48,3
4,4
34,5
6,6
7,7
8,8
9,9
9,10
11,11
15,12
13,13
13,14
15,15
12,16
3,17
18,18
19,19
20,20
21,21
22,22
8,23
24,24
25,25
26,26
48,27
10,28
29,29
31,30
22,31
29,32
9,33
34,34
35,35
22,36
45,37
9,38
31,39
20,40
41,41
42,42
0,43
44,44
45,45
48,46
47,47
48,48
49,49
50,50
49,51
53,52
53,53
54,54
55,55
57,56
57,57
58,58
59,59
3,0
14,1
48,2
48,3
4,4
5,5
6,6
41,7
8,8
9,9
11,10
29,11
48,12
13,13
13,14
12,15
29,16
40,17
18,18
19,19
48,20
48,21
22,22
41,23
24,24
25,25
26,26
27,27
10,28
45,29
30,30
31,31
32,32
9,33
34,34
24,35
14,36
37,37
38,38
48,39
6,40
41,41
42,42
48,43
14,44
15,45
48,46
15,47
48,48
49,49
54,50
49,51
53,52
53,53
54,54
55,55
50,56
57,57
58,59
0,0
29,1
3,2
48,3
35,4
15,5
6,6
7,7
8,8
48,9
29,10
29,11
13,12
13,13
26,14
15,15
29,16
3,17
18,18
19,19
20,20
21,21
22,22
23,23
24,24
25,25
26,26
27,27
12,28
29,29
4,30
22,31
32,32
9,33
34,34
35,35
48,36
37,37
9,38
39,39
48,40
41,41
42,42
0,43
44,44
45,45
9,46
47,47
48,48
49,49
49,50
49,51
53,52
49,53
54,54
57,55
57,56
57,57
58,58
59,59
3,0
1,1
3,2
48,3
4,4
15,5
6,6
41,7
8,8
22,9
4,10
29,11
12,12
13,13
14,14
15,15
4,16
17,17
18,18
19,19
21,20
21,21
22,22
41,23
24,24
25,25
26,26
48,27
12,28
11,29
30,30
31,31
32,32
9,33
34,34
35,35
48,36
37,37
38,38
39,39
48,40
41,41
42,42
48,43
15,44
45,45
48,46
15,47
48,48
49,49
49,50
49,51
57,52
49,53
54,54
55,55
56,56
57,57
58,58
59,59
48,0
45,1
1,2
48,3
4,4
5,5
6,6
7,7
8,8
22,9
48,10
11,11
15,12
13,13
14,14
15,15
12,16
3,17
48,18
19,19
20,20
48,21
6,22
23,23
24,24
25,25
26,26
48,27
29,28
28,29
22,30
22,31
12,32
9,33
34,34
35,35
48,36
32,37
9,38
31,39
12,40
41,41
42,42
0,43
12,44
45,45
3,46
47,47
48,48
49,49
50,50
49,51
57,52
49,53
54,54
57,55
57,56
57,57
58,58
59,59
46,0
1,1
48,2
48,3
14,4
34,5
23,6
54,7
8,8
12,9
48,10
10,11
14,12
13,13
14,14
15,15
34,16
38,17
18,18
26,19
20,20
21,21
22,22
23,23
24,24
25,25
26,26
27,27
4,28
11,29
30,30
30,31
32,32
9,33
34,34
35,35
36,36
37,37
38,38
39,39
48,40
6,41
42,42
48,43
34,44
24,45
3,46
47,47
48,48
49,49
50,50
50,51
53,52
57,53
54,54
50,55
49,56
57,57
58,58
59,59
0,0
27,1
48,2
48,3
35,4
5,5
6,6
7,7
8,8
9,9
12,10
11,11
12,12
13,13
14,14
15,15
34,16
17,17
48,18
48,19
22,20
21,21
22,22
41,23
4,24
25,25
26,26
27,27
10,28
11,29
30,30
22,31
32,32
9,33
34,34
35,35
48,36
37,37
38,38
39,39
40,40
15,41
42,42
3,43
44,44
24,45
48,46
47,47
48,48
49,49
50,50
54,51
49,52
53,53
54,54
50,55
50,56
57,57
58,58
59,59
48,0
1,1
48,2
48,3
14,4
34,5
6,6
58,7
8,8
12,9
11,10
11,11
12,12
13,13
14,14
41,15
34,16
48,17
48,18
26,19
48,20
21,21
22,22
23,23
24,24
25,25
26,26
12,27
4,28
10,29
30,30
30,31
32,32
9,33
34,34
35,35
36,36
37,37
38,38
39,39
40,40
41,41
42,42
48,43
44,44
4,45
48,46
47,47
48,48
49,49
50,50
59,51
57,52
53,53
54,54
55,55
49,56
57,57
58,58
59,59
1,0
27,1
48,2
48,3
4,4
5,5
6,6
7,7
8,8
9,9
12,10
10,11
12,12
13,13
14,14
15,15
34,16
48,17
48,18
13,19
22,20
21,21
30,22
23,23
24,24
25,25
26,26
27,27
10,28
29,29
30,30
30,31
32,32
9,33
34,34
35,35
22,36
37,37
38,38
39,39
40,40
41,41
42,42
21,43
44,44
45,45
48,46
47,47
48,48
49,49
50,50
54,51
53,52
57,53
54,54
50,55
50,56
57,57
58,58
59,59
9,0
1,1
48,2
48,3
42,4
34,5
23,6
42,7
8,8
9,9
29,10
10,11
14,12
13,13
14,14
15,15
34,16
38,17
18,18
19,19
20,20
21,21
22,22
23,23
24,24
25,25
26,26
27,27
4,28
10,29
9,30
31,31
32,32
9,33
34,34
4,35
9,36
37,37
38,38
39,39
40,40
34,41
42,42
48,43
47,44
45,45
48,46
47,47
48,48
50,49
57,50
54,51
57,52
57,53
54,54
55,55
57,56
57,57
58,58
59,59
45,0
27,1
48,2
48,3
4,4
5,5
6,6
7,7
8,8
9,9
12,10
10,11
12,12
13,13
14,14
34,15
23,16
9,17
18,18
19,19
6,20
21,21
22,22
23,23
24,24
25,25
26,26
27,27
11,28
29,29
30,30
22,31
48,32
9,33
34,34
35,35
48,36
22,37
9,38
39,39
48,40
47,41
42,42
3,43
44,44
24,45
45,46
47,47
48,48
49,49
50,50
54,51
57,52
53,53
54,54
50,55
50,56
57,57
58,58
59,59
0,0
27,1
3,2
48,3
4,4
34,5
6,6
7,7
8,8
9,9
11,10
10,11
12,12
13,13
14,14
15,15
23,16
48,17
18,18
48,19
6,20
21,21
22,22
23,23
24,24
25,25
26,26
48,27
11,28
11,29
30,30
31,31
32,32
9,33
34,34
35,35
36,36
37,37
38,38
9,39
48,40
41,41
42,42
48,43
44,44
45,45
48,46
47,47
48,48
49,49
50,50
49,51
53,52
53,53
54,54
55,55
50,56
57,57
58,58
59,59
0,0
27,1
48,2
48,3
4,4
5,5
6,6
7,7
8,8
9,9
11,10
29,11
12,12
13,13
14,14
41,15
34,16
17,17
12,18
21,19
20,20
21,21
22,22
23,23
24,24
25,25
26,26
27,27
29,28
29,29
30,30
31,31
32,32
12,33
34,34
45,35
48,36
22,37
38,38
39,39
32,40
34,41
42,42
22,43
44,44
24,45
48,46
47,47
48,48
49,49
50,50
54,51
53,52
49,53
49,54
55,55
57,56
57,57
59,58
59,59
0,0
14,1
48,2
48,3
4,4
5,5
26,6
7,7
8,8
9,9
12,10
11,11
13,13
14,14
41,15
4,16
48,17
48,18
19,19
20,20
21,21
22,22
23,23
4,24
25,25
26,26
27,27
10,28
29,29
21,30
31,31
9,32
9,33
34,34
35,35
36,36
48,37
38,38
39,39
47,40
41,41
42,42
48,43
24,44
24,45
36,46
47,47
48,48
49,49
50,50
50,51
57,52
53,53
54,54
23,55
50,56
57,57
58,58
59,59
0,0
27,1
3,2
48,3
4,4
5,5
6,6
7,7
8,8
9,9
29,10
29,11
12,12
13,13
14,14
34,15
34,16
9,17
40,18
21,19
20,20
21,21
22,22
23,23
24,24
25,25
26,26
12,27
4,28
29,29
30,30
30,31
32,32
9,33
34,34
35,35
36,36
22,37
38,38
39,39
32,40
34,41
42,42
22,43
44,44
24,45
48,46
47,47
48,48
49,49
50,50
54,51
53,52
49,53
54,54
57,55
57,56
57,57
58,58
59,59
0,0
27,1
43,2
48,3
24,4
34,5
6,6
7,7
8,8
9,9
10,10
29,11
23,12
48,13
14,14
15,15
23,16
48,17
18,18
48,19
6,20
21,21
22,22
41,23
24,24
25,25
26,26
48,27
10,28
10,29
30,30
30,31
32,32
9,33
15,34
35,35
36,36
37,37
38,38
39,39
40,40
41,41
42,42
3,43
44,44
24,45
9,46
47,47
48,48
49,49
50,50
49,51
57,52
49,53
54,54
54,55
50,56
50,57
58,58
59,59
0,0
45,1
48,2
6,3
4,4
34,5
6,6
7,7
8,8
9,9
28,10
28,11
13,13
14,14
23,15
23,16
9,17
48,18
48,19
13,20
21,21
48,22
23,23
24,24
25,25
26,26
27,27
29,28
28,29
30,30
22,31
32,32
9,33
34,34
48,35
48,36
6,37
9,38
39,39
38,40
34,41
42,42
22,43
44,44
45,45
45,46
47,47
48,48
49,49
50,50
54,51
57,52
49,53
54,54
55,55
50,56
57,57
58,58
59,59
1,0
18,1
43,2
22,3
4,4
5,5
6,6
7,7
8,8
12,9
29,10
29,11
12,12
13,13
14,14
15,15
15,16
18,17
18,18
19,19
20,20
21,21
22,22
23,23
4,24
23,25
26,26
27,27
29,28
29,29
30,30
31,31
18,32
9,33
34,34
29,35
3,36
37,37
38,38
31,39
18,40
58,41
42,42
43,43
15,44
45,45
3,46
47,47
48,48
49,49
54,50
51,51
52,52
53,53
54,54
57,55
57,56
57,57
58,58
59,59
1,0
18,1
43,2
22,3
4,4
5,5
6,6
7,7
8,8
9,9
28,10
29,11
12,12
13,13
14,14
15,15
34,16
18,17
18,18
19,19
6,20
21,21
22,22
23,23
24,24
41,25
26,26
27,27
29,28
29,29
30,30
31,31
32,32
9,33
34,34
35,35
48,36
18,37
38,38
39,39
40,40
41,41
42,42
43,43
44,44
4,45
3,46
40,47
48,48
49,49
50,50
49,51
53,52
53,53
57,54
55,55
57,56
57,57
58,58
59,59
13,0
14,1
36,2
48,3
4,4
5,5
6,6
7,7
8,8
12,9
29,10
29,11
12,12
13,13
13,14
15,15
15,16
12,17
12,18
19,19
18,20
21,21
22,22
23,23
29,24
4,25
26,26
11,27
29,28
29,29
30,30
31,31
18,32
11,33
34,34
29,35
36,36
43,37
38,38
31,39
18,40
41,41
42,42
18,43
23,44
45,45
9,46
47,47
48,48
49,49
54,50
51,51
28,52
53,53
54,54
55,55
57,56
57,57
58,58
59,59
1,0
18,1
43,2
22,3
4,4
5,5
6,6
7,7
8,8
9,9
28,10
29,11
9,12
13,13
14,14
15,15
34,16
18,17
18,18
19,19
20,20
21,21
22,22
23,23
24,24
41,25
26,26
27,27
29,28
29,29
30,30
31,31
32,32
9,33
34,34
35,35
3,36
18,37
38,38
39,39
40,40
41,41
42,42
48,43
44,44
45,45
3,46
40,47
48,48
30,49
50,50
49,51
53,52
53,53
54,54
55,55
57,56
57,57
58,58
59,59
0,0
18,1
43,2
48,3
4,4
34,5
6,6
7,7
8,8
12,9
11,10
3,11
12,12
13,13
14,14
15,15
15,16
18,17
18,18
19,19
18,20
21,21
22,22
23,23
29,24
23,25
26,26
27,27
29,28
29,29
30,30
31,31
18,32
28,33
34,34
29,35
3,36
37,37
38,38
31,39
18,40
41,41
42,42
3,43
15,44
45,45
3,46
47,47
48,48
49,49
54,50
51,51
57,52
53,53
54,54
57,55
57,56
57,57
58,58
59,59
14,0
18,1
48,2
22,3
4,4
5,5
6,6
7,7
34,8
28,10
28,11
55,12
13,13
14,14
15,15
34,16
18,17
18,18
19,19
6,20
21,21
22,22
23,23
24,24
41,25
26,26
27,27
28,28
28,29
30,30
31,31
32,32
9,33
34,34
4,35
48,36
22,37
9,38
39,39
6,40
41,41
42,42
48,43
45,44
35,45
48,46
34,47
48,48
49,49
50,50
50,51
53,52
53,53
54,54
57,55
57,56
57,57
58,58
59,59
19,0
18,1
3,2
22,3
4,4
5,5
6,6
7,7
8,8
9,9
10,10
29,11
12,12
13,13
14,14
15,15
15,16
17,17
18,18
19,19
20,20
21,21
12,22
23,23
24,24
41,25
26,26
38,27
29,28
29,29
31,30
31,31
18,32
9,33
34,34
29,35
3,36
3,37
38,38
39,39
18,40
58,41
58,42
48,43
29,44
29,45
22,46
47,47
48,48
49,49
50,50
49,51
49,52
53,53
54,54
57,55
57,56
57,57
58,58
59,59
0,0
43,1
48,2
48,3
4,4
34,5
6,6
7,7
8,8
12,9
10,10
11,11
12,12
13,13
14,14
15,15
15,16
18,17
18,18
19,19
20,20
21,21
22,22
23,23
24,24
41,25
26,26
27,27
29,28
29,29
31,30
22,31
9,32
12,33
34,34
35,35
36,36
48,37
28,38
39,39
40,40
58,41
42,42
3,43
24,44
4,45
46,46
47,47
48,48
49,49
50,50
49,51
49,52
53,53
54,54
55,55
57,56
57,57
58,58
59,59
18,0
18,1
11,2
48,3
4,4
5,5
6,6
7,7
8,8
48,9
11,10
29,11
12,12
13,13
14,14
19,17
18,18
45,19
20,20
21,21
9,22
23,23
24,24
41,25
26,26
44,27
28,28
29,29
31,30
31,31
12,32
11,33
34,34
29,35
48,36
36,37
38,38
38,39
40,40
58,41
42,42
9,43
4,44
45,45
48,46
6,49
14,50
4,51
35,52
4,53
13,54
55,55
57,56
57,57
58,58
59,59
37,0
48,1
48,2
48,3
4,4
5,5
6,6
7,7
8,8
12,9
11,10
11,11
12,12
13,13
14,14
15,15
15,16
17,17
18,18
19,19
20,20
21,21
22,22
23,23
24,24
41,25
26,26
27,27
29,28
29,29
31,30
22,31
32,32
9,33
34,34
35,35
36,36
48,37
28,38
39,39
40,40
58,41
42,42
3,43
24,44
45,45
46,46
47,47
48,48
50,49
50,50
49,51
52,52
53,53
54,54
49,55
57,56
57,57
58,58
59,59
17,0
18,1
2,2
22,3
4,4
5,5
6,6
7,7
8,8
9,9
9,10
29,11
12,12
13,13
14,14
15,15
15,16
17,17
18,18
19,19
20,20
21,21
22,22
23,23
24,24
58,25
26,26
27,27
29,28
29,29
31,30
31,31
18,32
9,33
34,34
29,35
3,36
3,37
38,38
38,39
18,40
58,41
58,42
3,43
11,44
29,45
3,46
15,47
48,48
49,49
49,50
49,51
57,52
53,53
54,54
57,55
57,56
57,57
58,58
59,59
0,0
43,1
48,2
22,3
4,4
5,5
6,6
7,7
8,8
12,9
11,10
29,11
9,12
13,13
14,14
15,15
15,16
12,17
12,18
13,19
12,20
48,21
22,22
23,23
24,24
41,25
26,26
0,27
28,28
11,29
30,30
12,31
32,32
11,33
34,34
35,35
36,36
43,37
11,38
39,39
6,40
58,41
42,42
4,43
35,44
35,45
35,46
34,47
35,48
49,49
49,50
55,51
53,52
53,53
54,54
57,55
57,56
54,57
58,58
59,59
48,0
15,1
48,2
48,3
10,4
34,5
48,6
47,7
8,8
9,9
28,10
45,11
12,12
13,13
14,14
15,15
15,16
17,17
18,18
19,19
20,20
22,21
22,22
23,23
14,24
25,25
26,26
22,27
12,28
3,29
47,30
47,31
12,32
48,33
34,34
45,35
48,36
22,37
9,38
48,39
48,40
41,41
42,42
48,43
24,44
45,45
48,46
34,47
48,48
54,49
54,50
54,51
49,52
54,53
54,54
54,55
54,56
54,57
58,58
59,59
27,0
12,1
48,2
48,3
11,4
15,5
6,6
7,7
8,8
48,9
48,10
48,11
48,12
13,13
14,14
15,15
4,16
17,17
18,18
19,19
18,20
21,21
22,22
23,23
24,24
25,25
26,26
27,27
28,28
29,29
30,30
31,31
32,32
9,33
34,34
4,35
48,36
22,37
38,38
9,39
48,40
41,41
42,42
36,43
29,44
45,45
46,46
47,47
48,48
49,49
49,50
54,51
49,52
49,53
54,54
57,55
49,56
57,57
58,58
59,59
48,0
48,1
47,2
48,3
29,4
34,5
48,6
7,7
8,8
27,9
29,10
11,11
12,12
13,13
14,14
15,15
15,16
18,17
18,18
3,19
6,20
48,21
48,22
25,23
24,24
25,25
26,26
14,27
29,28
29,29
48,30
48,31
9,32
14,33
34,34
24,35
48,36
48,37
9,38
9,39
48,40
41,41
42,42
48,43
24,44
24,45
48,46
47,47
48,48
54,49
49,50
54,51
50,52
55,53
54,54
57,55
54,56
57,57
58,58
59,59
48,0
12,1
48,2
48,3
48,4
5,5
49,6
47,7
8,8
15,9
11,10
11,11
10,12
13,13
14,14
15,15
15,16
17,17
18,18
19,19
6,20
21,21
22,22
23,23
24,24
25,25
26,26
27,27
28,28
30,30
30,31
32,32
9,33
34,34
35,35
48,36
48,37
38,38
39,39
36,40
41,41
42,42
36,43
24,44
45,45
46,46
47,47
48,48
49,49
49,50
49,51
49,52
49,53
54,54
57,55
49,56
57,57
58,58
59,59
22,0
48,1
3,2
48,3
10,4
5,5
6,6
7,7
8,8
11,9
28,10
10,11
12,12
13,13
14,14
34,15
15,16
17,17
29,18
19,19
20,20
21,21
48,22
45,23
45,24
25,25
26,26
45,27
45,28
45,29
22,30
31,31
12,32
9,33
34,34
35,35
48,36
22,37
9,38
9,39
48,40
41,41
42,42
36,43
45,44
4,45
48,46
47,47
48,48
49,49
49,50
54,51
49,52
55,53
54,54
55,55
49,56
57,57
58,58
59,59
48,0
4,1
48,2
48,3
4,4
34,5
7,7
8,8
45,9
45,11
12,12
13,13
14,14
16,15
4,16
17,17
18,18
19,19
6,20
48,21
22,22
23,23
35,24
25,25
26,26
27,27
11,28
29,29
22,30
31,31
32,32
9,33
34,34
48,35
36,36
48,37
38,38
9,39
45,40
41,41
42,42
48,43
10,44
24,45
46,46
47,47
48,48
49,49
49,50
49,51
49,52
57,53
54,54
57,55
54,56
57,57
58,58
59,59
0,0
1,1
2,2
48,3
29,4
34,5
6,6
7,7
8,8
28,9
9,10
11,11
12,12
13,13
14,14
29,15
15,16
17,17
18,18
48,19
20,20
21,21
22,22
23,23
4,24
25,25
26,26
27,27
11,28
29,29
31,30
31,31
32,32
29,33
34,34
35,35
48,36
37,37
38,38
38,39
44,40
58,41
42,42
43,43
15,44
28,45
48,46
47,47
48,48
54,49
50,50
49,51
50,52
53,53
54,54
54,55
50,56
57,57
58,58
59,59
0,0
20,1
3,2
48,3
4,4
34,5
6,6
7,7
8,8
48,9
9,10
11,11
9,12
13,13
13,14
34,15
34,16
17,17
18,18
22,19
6,20
21,21
22,22
23,23
24,24
48,25
26,26
9,27
11,28
29,29
22,30
9,31
32,32
9,33
34,34
35,35
36,36
22,37
38,38
39,39
48,40
58,41
42,42
36,43
44,44
24,45
36,46
47,47
48,48
53,49
50,50
54,51
49,52
53,53
54,54
49,55
50,56
57,57
58,58
59,59
36,0
1,1
3,2
36,3
29,4
5,5
6,6
7,7
8,8
11,9
9,10
29,11
12,12
13,13
14,14
24,15
15,16
18,17
40,18
19,19
18,20
21,21
22,22
23,23
45,24
25,25
26,26
1,27
28,28
29,29
22,30
31,31
32,32
9,33
34,34
45,35
27,36
37,37
38,38
38,39
44,40
58,41
42,42
3,43
15,44
45,45
48,46
47,47
48,48
49,49
49,50
54,51
54,52
53,53
54,54
54,55
54,56
57,57
58,58
59,59
0,0
48,1
3,2
48,3
4,4
34,5
6,6
7,7
8,8
36,9
9,10
10,11
9,12
13,13
14,14
34,15
15,16
48,17
18,18
45,19
48,20
21,21
22,22
23,23
24,24
48,25
26,26
38,27
28,28
29,29
22,30
9,31
32,32
9,33
34,34
35,35
36,36
22,37
38,38
39,39
48,40
58,41
42,42
3,43
44,44
45,45
36,46
47,47
48,48
53,49
50,50
54,51
49,52
53,53
54,54
57,55
50,56
57,57
58,58
59,59
3,0
1,1
2,2
18,3
29,4
34,5
6,6
7,7
8,8
11,9
9,10
29,11
12,12
26,13
14,14
15,15
15,16
17,17
18,18
48,19
20,20
21,21
22,22
23,23
4,24
25,25
26,26
1,27
11,28
29,29
31,30
31,31
32,32
9,33
34,34
35,35
11,36
37,37
38,38
48,39
45,40
58,41
42,42
43,43
15,44
45,45
3,46
47,47
48,48
49,49
50,50
49,51
49,52
53,53
54,54
54,55
50,56
57,57
58,58
59,59
0,0
45,1
48,2
48,3
4,4
34,5
6,6
7,7
8,8
3,9
12,10
11,11
9,12
13,13
14,14
48,15
34,16
14,17
48,18
48,19
6,20
21,21
22,22
23,23
24,24
25,25
26,26
9,27
28,28
29,29
22,30
9,31
32,32
9,33
34,34
45,35
36,36
22,37
48,38
39,39
48,40
59,41
42,42
45,43
7,44
45,45
4,46
47,47
48,48
53,49
50,50
54,51
55,52
48,53
54,54
57,55
50,56
57,57
58,58
59,59
0,0
12,1
43,2
3,3
23,4
5,5
22,6
7,7
8,8
11,9
11,10
11,11
11,12
13,13
14,14
15,15
15,16
36,17
18,18
48,19
20,20
21,21
22,22
23,23
32,24
25,25
26,26
27,27
28,28
29,29
22,30
11,31
38,32
9,33
34,34
35,35
36,36
22,37
38,38
9,39
40,40
41,41
42,42
3,43
44,44
45,45
48,46
47,47
48,48
49,49
50,50
51,51
52,52
53,53
54,54
57,55
28,56
57,57
58,58
59,59
3,0
28,1
48,2
48,3
24,4
47,5
22,6
7,7
8,8
9,9
11,10
28,11
9,12
13,13
14,14
15,15
15,16
19,17
18,18
3,19
20,20
21,21
22,22
4,23
24,24
25,25
26,26
9,27
11,28
28,29
30,30
11,31
9,32
9,33
34,34
35,35
36,36
22,37
9,38
9,39
36,40
34,41
42,42
3,43
7,44
24,45
48,46
47,47
48,48
49,49
50,50
54,51
53,52
53,53
54,54
50,55
57,56
54,57
58,58
59,59
0,0
27,1
4,4
5,5
21,6
7,7
8,8
11,9
11,10
11,12
13,13
14,14
15,15
15,16
11,17
48,18
21,21
22,22
23,23
24,24
25,25
26,26
27,27
28,28
29,29
22,30
11,31
9,32
9,33
34,34
36,36
48,37
38,38
9,39
18,40
41,41
42,42
48,43
44,44
24,45
48,46
47,47
48,48
49,49
50,50
54,51
53,52
53,53
54,54
57,55
55,56
57,57
58,58
59,59
3,0
48,1
2,2
48,3
4,4
5,5
22,6
7,7
8,8
48,9
11,10
11,11
12,12
13,13
14,14
15,15
15,16
19,17
18,18
3,19
20,20
21,21
22,22
4,23
24,24
25,25
26,26
27,27
11,28
28,29
30,30
12,31
9,32
9,33
34,34
35,35
36,36
22,37
9,38
39,39
36,40
34,41
15,42
3,43
7,44
24,45
48,46
47,47
48,48
49,49
50,50
49,51
53,52
53,53
54,54
50,55
49,56
54,57
58,58
59,59
0,0
1,1
43,2
48,3
23,4
5,5
22,6
54,7
8,8
11,9
11,10
11,11
12,12
26,13
14,14
15,15
15,16
36,17
18,18
48,19
20,20
21,21
22,22
4,23
32,24
25,25
26,26
27,27
28,28
29,29
22,30
11,31
38,32
9,33
34,34
35,35
36,36
22,37
38,38
39,39
18,40
41,41
42,42
36,43
44,44
24,45
48,46
47,47
48,48
49,49
50,50
54,51
57,52
53,53
54,54
57,55
28,56
55,57
58,58
59,59
22,0
0,1
48,2
48,3
4,4
5,5
48,6
7,7
8,8
9,9
12,10
11,11
9,12
13,13
14,14
15,15
15,16
9,17
18,18
3,19
20,20
21,21
48,22
4,23
24,24
25,25
26,26
24,27
28,28
28,29
30,30
11,31
9,32
9,33
34,34
35,35
9,36
48,37
9,38
9,39
48,40
34,41
42,42
48,43
7,44
45,45
22,46
44,47
45,48
49,49
50,50
49,51
53,52
57,53
54,54
49,55
57,56
54,57
58,58
59,59
48,0
18,1
48,2
48,3
35,4
5,5
6,6
7,7
8,8
38,9
10,10
11,11
12,12
13,13
14,14
15,15
15,16
19,17
18,18
48,19
20,20
21,21
48,22
23,23
24,24
25,25
26,26
27,27
28,28
4,29
30,30
12,31
38,32
9,33
34,34
35,35
36,36
37,37
38,38
38,39
34,40
34,41
42,42
40,43
44,44
45,45
3,46
47,47
48,48
49,49
50,50
54,51
53,52
53,53
50,54
57,55
50,56
57,57
58,58
59,59
9,0
18,1
48,2
22,3
35,4
34,5
22,6
7,7
8,8
38,9
11,10
10,11
11,12
13,13
14,14
15,15
15,16
17,17
18,18
48,19
6,20
21,21
22,22
4,23
4,24
25,25
26,26
36,27
28,28
10,29
30,30
31,31
38,32
38,33
34,34
4,35
36,36
37,37
38,38
39,39
48,40
34,41
42,42
48,43
44,44
34,45
22,46
47,47
48,48
49,49
50,50
50,51
53,52
53,53
54,54
55,55
49,56
57,57
58,58
59,59
48,0
18,1
43,2
48,3
24,4
5,5
6,6
7,7
8,8
38,9
11,10
11,11
10,12
26,13
14,14
15,15
15,16
36,17
18,18
19,19
40,20
21,21
48,22
4,23
24,24
25,25
26,26
27,27
11,28
29,29
39,30
12,31
38,32
38,33
34,34
35,35
36,36
48,37
38,38
38,39
40,40
41,41
42,42
40,43
44,44
24,45
48,46
47,47
48,48
49,49
50,50
54,51
53,52
53,53
54,54
57,55
50,56
54,57
58,58
59,59
36,0
18,1
3,2
22,3
35,4
5,5
22,6
7,7
8,8
38,9
11,10
11,11
10,12
6,13
14,14
15,15
15,16
17,17
18,18
19,19
6,20
21,21
22,22
35,23
24,24
25,25
26,26
27,27
28,28
10,29
30,30
31,31
38,32
38,33
34,34
35,35
36,36
37,37
38,38
39,39
40,40
34,41
42,42
48,43
44,44
45,45
48,46
47,47
48,48
49,49
50,50
49,51
53,52
53,53
54,54
57,55
49,56
57,57
58,58
59,59
38,0
18,1
48,2
22,3
35,4
5,5
6,6
7,7
8,8
9,9
10,10
11,11
11,12
13,13
14,14
15,15
15,16
19,17
18,18
19,19
20,20
21,21
48,22
35,23
24,24
25,25
26,26
27,27
11,28
29,29
30,30
12,31
38,32
38,33
34,34
28,35
36,36
37,37
38,38
38,39
34,40
15,41
42,42
40,43
34,44
23,45
3,46
47,47
48,48
49,49
50,50
50,51
53,52
57,53
54,54
50,55
50,56
50,57
59,59
45,0
18,1
48,2
48,3
35,4
5,5
48,6
7,7
8,8
9,9
11,10
11,11
11,12
13,13
14,14
15,15
15,16
38,17
18,18
6,19
6,20
48,21
48,22
48,23
22,24
48,25
26,26
9,27
11,28
28,29
37,30
31,31
38,32
9,33
34,34
4,35
38,36
37,37
9,38
38,39
4,40
34,41
42,42
45,43
44,44
4,45
35,46
47,47
36,48
49,49
50,50
50,51
57,52
57,53
54,54
55,55
57,56
57,57
58,58
59,59
43,0
11,1
27,2
3,3
12,4
5,5
6,6
7,7
8,8
9,9
11,10
28,11
12,12
6,13
14,14
15,15
15,16
18,17
18,18
19,19
20,20
48,21
48,22
23,23
24,24
25,25
26,26
43,27
28,28
28,29
30,30
31,31
38,32
9,33
34,34
35,35
48,36
37,37
38,38
39,39
40,40
41,41
42,42
3,43
44,44
24,45
3,46
47,47
14,48
49,49
50,50
51,51
52,52
53,53
54,54
55,55
50,56
57,57
58,58
59,59
17,0
18,1
15,2
22,3
4,4
34,5
6,6
7,7
8,8
38,9
29,10
11,11
11,12
13,13
14,14
15,15
15,16
3,17
18,18
19,19
20,20
48,21
22,22
23,23
14,24
26,25
26,26
27,27
28,28
29,29
30,30
6,31
32,32
32,33
7,34
35,35
48,36
45,37
38,38
39,39
40,40
41,41
42,42
22,43
24,44
24,45
48,46
47,47
48,48
49,49
50,50
51,51
49,52
53,53
54,54
55,55
35,56
57,57
58,58
59,59
43,0
28,1
28,2
3,3
10,4
5,5
6,6
7,7
8,8
28,9
28,10
28,11
12,12
13,13
14,14
15,15
15,16
45,17
18,18
26,19
20,20
48,21
48,22
23,23
24,24
25,25
26,26
38,27
28,28
4,29
31,30
12,31
9,32
9,33
7,34
35,35
38,36
37,37
38,38
9,39
40,40
41,41
42,42
43,43
45,44
24,45
36,46
47,47
48,48
50,49
50,50
51,51
52,52
53,53
54,54
54,55
57,56
49,57
58,58
59,59
19,0
20,1
3,2
22,3
4,4
15,5
6,6
7,7
8,8
38,9
29,10
29,11
11,12
13,13
14,14
15,15
15,16
3,17
18,18
19,19
20,20
48,21
22,22
23,23
14,24
26,25
26,26
27,27
28,28
29,29
30,30
12,31
9,32
9,33
7,34
35,35
48,36
37,37
38,38
39,39
40,40
41,41
42,42
3,43
24,44
24,45
48,46
40,47
48,48
49,49
50,50
51,51
57,52
53,53
54,54
55,55
57,56
57,57
58,58
59,59
43,0
36,1
36,2
48,3
10,4
5,5
6,6
7,7
8,8
9,9
28,10
28,11
12,12
13,13
14,14
15,15
15,16
18,17
18,18
22,19
20,20
48,21
22,22
23,23
24,24
25,25
26,26
48,27
28,28
11,29
4,30
31,31
38,32
9,33
34,34
35,35
48,36
37,37
38,38
48,39
38,40
41,41
42,42
3,43
38,44
24,45
46,46
47,47
48,48
49,49
50,50
51,51
52,52
53,53
54,54
50,55
57,56
55,57
58,58
59,59
48,0
11,1
15,2
48,3
4,4
34,5
6,6
7,7
8,8
9,9
29,10
11,11
12,12
13,13
14,14
15,15
15,16
45,17
12,18
19,19
6,20
48,21
22,22
23,23
4,24
26,25
26,26
27,27
28,28
29,29
30,30
12,31
9,32
38,33
7,34
28,35
48,36
37,37
9,38
31,39
40,40
41,41
42,42
22,43
24,44
4,45
48,46
7,47
48,48
49,49
50,50
54,51
53,52
53,53
54,54
55,55
57,57
58,58
58,59
18,0
1,1
36,2
3,3
11,4
5,5
6,6
7,7
8,8
48,9
28,10
29,11
12,12
13,13
14,14
15,15
15,16
18,17
18,18
13,19
20,20
48,21
22,22
23,23
24,24
25,25
26,26
48,27
28,28
28,29
22,30
9,31
9,32
36,33
34,34
35,35
36,36
3,37
36,38
9,39
43,40
58,41
42,42
3,43
44,44
24,45
3,46
47,47
48,48
53,49
50,50
59,51
52,52
53,53
54,54
57,55
57,56
57,57
58,58
59,59
3,0
12,1
36,2
48,3
29,4
5,5
6,6
7,7
8,8
48,9
11,10
28,11
12,12
13,13
14,14
15,15
15,16
17,17
18,18
48,19
20,20
48,21
22,22
23,23
4,24
25,25
26,26
48,27
28,28
29,29
22,30
31,31
9,32
9,33
34,34
28,35
36,36
48,37
9,38
9,39
40,40
41,41
42,42
3,43
24,44
45,45
3,46
7,47
48,48
49,49
50,50
54,51
52,52
53,53
54,54
49,55
57,56
57,57
58,58
59,59
18,0
12,1
36,2
3,3
29,4
5,5
6,6
7,7
8,8
48,9
11,10
29,11
12,12
13,13
14,14
41,15
15,16
18,17
18,18
19,19
20,20
48,21
22,22
23,23
24,24
25,25
26,26
36,27
11,28
11,29
22,30
31,31
38,32
36,33
34,34
35,35
48,36
3,37
9,38
48,39
36,40
41,41
42,42
3,43
4,44
24,45
48,46
44,47
48,48
49,49
49,50
59,51
52,52
57,53
54,54
57,55
57,56
57,57
58,58
59,59
3,0
1,1
48,2
3,3
29,4
5,5
6,6
7,7
8,8
48,9
11,10
28,11
12,12
13,13
14,14
15,15
15,16
17,17
18,18
3,19
20,20
48,21
22,22
23,23
4,24
25,25
26,26
27,27
28,28
29,29
3,30
31,31
28,32
9,33
34,34
35,35
12,36
3,37
9,38
9,39
40,40
41,41
42,42
3,43
24,44
24,45
3,46
7,47
48,48
49,49
50,50
54,51
52,52
53,53
54,54
6,55
57,56
57,57
58,58
59,59
18,0
1,1
43,2
48,3
11,4
34,5
6,6
7,7
8,8
9,9
11,10
29,11
12,12
13,13
14,14
15,15
15,16
18,17
18,18
19,19
22,20
48,21
22,22
23,23
24,24
25,25
26,26
43,27
28,28
28,29
22,30
31,31
9,32
9,33
34,34
35,35
48,36
3,37
38,38
9,39
36,40
58,41
42,42
3,43
44,44
45,45
3,46
47,47
48,48
53,49
50,50
59,51
53,52
53,53
57,54
57,55
57,56
57,57
58,58
59,59
3,0
12,1
38,2
48,3
28,4
5,5
6,6
7,7
8,8
48,9
48,10
11,11
14,12
13,13
14,14
4,15
15,16
14,17
18,18
48,19
6,20
48,21
22,22
23,23
35,24
25,25
26,26
4,27
28,28
29,29
3,30
22,31
28,32
9,33
34,34
35,35
9,36
45,37
9,38
9,39
40,40
41,41
42,42
4,43
32,44
24,45
48,46
7,47
48,48
49,49
50,50
59,51
57,52
53,53
54,54
49,55
57,56
57,57
58,58
59,59
45,0
14,1
40,2
48,3
34,4
34,5
6,6
7,7
8,8
9,9
11,10
12,11
48,12
6,13
14,14
15,15
15,16
39,17
18,18
20,19
20,20
48,21
22,22
23,23
24,24
26,25
26,26
27,27
11,28
4,29
6,30
31,31
38,32
9,33
7,34
35,35
48,36
37,37
39,38
39,39
47,40
41,41
42,42
3,43
44,44
24,45
3,46
34,47
48,48
49,49
50,50
54,51
49,52
53,53
54,54
57,55
50,56
57,57
58,58
58,59
3,0
45,1
48,2
48,3
24,4
15,5
6,6
7,7
8,8
9,9
4,10
29,11
14,12
13,13
14,14
15,15
15,16
18,17
18,18
13,19
20,20
48,21
22,22
23,23
24,24
26,25
26,26
12,27
11,28
29,29
30,30
31,31
38,32
38,33
7,34
35,35
48,36
37,37
9,38
39,39
47,40
41,41
42,42
3,43
45,44
24,45
48,46
47,47
48,48
49,49
50,50
54,51
53,52
53,53
54,54
57,55
50,56
57,57
58,58
59,59
9,0
14,1
4,2
48,3
45,4
34,5
6,6
7,7
8,8
48,9
11,10
29,11
12,12
13,13
14,14
15,15
15,16
9,17
18,18
19,19
20,20
48,21
22,22
23,23
24,24
26,25
26,26
27,27
28,28
29,29
30,30
31,31
38,32
36,33
7,34
35,35
45,36
37,37
38,38
39,39
47,40
41,41
42,42
3,43
45,44
45,45
3,46
34,47
48,48
49,49
50,50
51,51
53,52
53,53
54,54
55,55
50,56
57,57
58,58
59,59
3,0
20,1
40,2
48,3
29,4
34,5
6,6
7,7
8,8
48,9
4,10
29,11
12,12
6,13
14,14
15,15
15,16
38,17
14,18
19,19
20,20
48,21
22,22
23,23
45,24
26,25
26,26
12,27
28,28
29,29
22,30
12,31
38,32
33,33
34,34
35,35
48,36
37,37
9,38
39,39
47,40
41,41
42,42
3,43
45,44
45,45
3,46
47,47
48,48
49,49
50,50
51,51
52,52
53,53
54,54
57,55
50,56
57,57
58,58
59,59
3,0
1,1
40,2
22,3
34,4
34,5
6,6
7,7
8,8
48,9
4,10
45,11
14,12
13,13
14,14
13,15
15,16
38,17
18,18
19,19
20,20
48,21
22,22
23,23
24,24
26,25
26,26
27,27
11,28
29,29
22,30
31,31
9,32
33,33
34,34
35,35
48,36
37,37
39,38
39,39
47,40
41,41
42,42
3,43
45,44
24,45
46,46
34,47
48,48
49,49
50,50
50,51
49,52
53,53
54,54
57,55
50,56
57,57
58,58
59,59
48,0
24,1
9,2
48,3
4,4
34,5
6,6
7,7
8,8
9,9
10,10
11,11
12,12
13,13
14,14
13,15
15,16
44,17
1,18
19,19
20,20
48,21
30,22
23,23
4,24
26,25
26,26
27,27
28,28
28,29
22,30
12,31
38,32
38,33
7,34
35,35
48,36
37,37
48,38
39,39
40,40
41,41
42,42
48,43
45,44
24,45
48,46
7,47
48,48
49,49
50,50
51,51
49,52
49,53
54,54
49,55
49,56
57,57
58,58
59,59
0,0
1,1
43,2
48,3
4,4
5,5
6,6
7,7
8,8
38,9
9,10
48,11
12,12
48,13
14,14
15,15
15,16
18,17
18,18
20,19
20,20
21,21
48,22
23,23
24,24
25,25
26,26
27,27
28,28
15,29
3,30
22,31
38,32
9,33
34,34
35,35
9,36
20,37
38,38
48,39
48,40
23,41
42,42
3,43
24,44
45,45
48,46
47,47
48,48
49,49
50,50
54,51
52,52
53,53
54,54
55,55
55,56
57,57
58,58
59,59
48,0
18,1
43,2
48,3
4,4
5,5
6,6
7,7
8,8
38,9
12,10
28,11
12,12
13,13
14,14
15,15
48,16
9,17
36,18
48,19
18,20
21,21
48,22
23,23
45,24
25,25
26,26
27,27
28,28
48,29
22,30
9,31
9,32
24,33
34,34
45,35
48,36
18,37
38,38
39,39
4,40
41,41
42,42
3,43
44,44
45,45
36,46
47,47
9,48
49,49
50,50
54,51
52,52
53,53
54,54
55,55
56,56
57,57
58,58
58,59
27,0
1,1
36,2
3,3
24,4
34,5
6,6
15,7
8,8
28,9
29,10
12,12
13,13
14,14
15,15
15,16
18,17
36,18
19,19
3,20
48,21
48,22
23,23
45,24
25,25
26,26
27,27
28,28
29,29
3,30
9,31
45,32
44,33
34,34
48,35
9,36
3,37
38,38
39,39
36,40
25,41
42,42
3,43
44,44
45,45
40,46
47,47
48,48
49,49
50,50
51,51
57,52
57,53
54,54
55,55
56,56
57,57
58,58
59,59
0,0
18,1
3,2
48,3
4,4
5,5
6,6
7,7
8,8
9,9
12,10
28,11
12,12
13,13
14,14
15,15
15,16
48,17
36,18
19,19
18,20
21,21
48,22
23,23
45,24
25,25
26,26
27,27
28,28
29,29
22,30
9,31
9,32
9,33
34,34
35,35
48,36
18,37
9,38
39,39
4,40
41,41
42,42
3,43
44,44
24,45
36,46
47,47
48,48
49,49
50,50
54,51
53,52
53,53
54,54
55,55
49,56
57,57
58,58
59,59
0,0
1,1
48,2
48,3
4,4
5,5
6,6
7,7
8,8
44,9
12,10
11,11
12,12
13,13
14,14
15,15
15,16
36,17
48,18
19,19
22,20
21,21
48,22
23,23
24,24
25,25
26,26
27,27
28,28
48,29
48,30
22,31
38,32
28,33
34,34
35,35
12,36
6,37
9,38
30,39
30,40
23,41
42,42
3,43
24,44
45,45
48,46
47,47
48,48
49,49
50,50
54,51
52,52
53,53
54,54
57,55
49,56
57,57
58,58
59,59
12,0
45,1
4,2
48,3
35,4
34,5
6,6
7,7
8,8
9,9
45,10
9,11
13,13
14,14
47,15
15,16
15,17
15,18
13,19
48,20
48,21
48,22
14,23
14,24
25,25
26,26
45,27
29,28
48,29
35,30
9,31
45,32
24,33
34,34
45,35
48,36
35,37
45,38
39,39
40,40
41,41
42,42
48,43
40,44
48,45
38,46
47,47
9,48
59,49
54,50
54,51
54,52
4,53
41,54
14,55
15,56
24,57
58,58
59,59
0,0
36,1
43,2
48,3
29,4
15,5
6,6
7,7
8,8
12,9
10,10
28,11
11,12
14,13
14,14
15,15
15,16
17,17
18,18
48,19
18,20
21,21
22,22
4,23
4,24
25,25
26,26
27,27
28,28
29,29
30,30
31,31
32,32
9,33
34,34
35,35
48,36
3,37
38,38
39,39
43,40
23,41
42,42
3,43
44,44
45,45
46,46
47,47
48,48
49,49
50,50
49,51
57,52
53,53
50,54
55,55
56,56
57,57
58,58
59,59
0,0
36,1
48,2
48,3
4,4
5,5
6,6
7,7
8,8
48,9
11,10
11,11
10,12
14,13
14,14
15,15
15,16
17,17
18,18
19,19
18,20
21,21
22,22
4,23
4,24
25,25
26,26
27,27
28,28
29,29
31,30
9,31
31,32
9,33
34,34
35,35
48,36
22,37
38,38
39,39
9,40
41,41
42,42
48,43
44,44
45,45
48,46
47,47
48,48
49,49
57,50
55,51
57,52
53,53
54,54
57,55
57,56
57,57
58,58
59,59
12,0
11,1
36,2
3,3
29,4
15,5
6,6
7,7
8,8
11,9
28,10
28,11
12,12
14,13
14,14
15,15
15,16
9,17
18,18
45,23
4,24
25,25
26,26
12,27
28,28
29,29
31,30
15,31
29,32
11,33
34,34
35,35
48,36
3,37
38,38
9,39
45,40
41,41
42,42
3,43
44,44
45,45
32,46
47,47
9,48
49,49
50,50
55,51
57,52
53,53
54,54
55,55
49,56
57,57
58,58
59,59
22,0
36,1
3,2
48,3
29,4
5,5
6,6
7,7
8,8
48,9
12,10
11,11
12,12
13,13
14,14
15,15
15,16
17,17
18,18
19,19
20,20
21,21
22,22
4,23
4,24
25,25
26,26
27,27
28,28
29,29
31,30
21,31
0,32
9,33
34,34
35,35
48,36
22,37
38,38
39,39
48,40
41,41
42,42
48,43
38,44
45,45
48,46
47,47
48,48
49,49
57,50
49,51
57,52
53,53
54,54
53,55
49,56
57,57
58,58
59,59
0,0
36,1
43,2
48,3
29,4
15,5
6,6
7,7
8,8
11,9
28,10
28,11
12,12
14,13
14,14
15,15
15,16
17,17
18,18
20,19
20,20
21,21
22,22
23,23
4,24
25,25
26,26
27,27
28,28
29,29
31,30
31,31
32,32
9,33
34,34
35,35
48,36
3,37
38,38
39,39
45,40
23,41
42,42
3,43
38,44
45,45
46,46
47,47
48,48
49,49
50,50
49,51
53,52
53,53
54,54
55,55
6,56
57,57
58,58
59,59
31,0
36,1
28,2
48,3
4,4
5,5
14,6
7,7
8,8
9,9
12,10
48,11
11,12
13,13
14,14
15,15
15,16
17,17
18,18
3,19
6,20
48,21
22,22
4,23
29,24
25,25
26,26
4,27
28,28
29,29
22,30
9,31
9,32
9,33
34,34
34,35
45,36
35,37
32,38
39,39
48,40
41,41
42,42
22,43
45,44
45,45
4,46
47,47
48,48
49,49
57,50
49,51
57,52
53,53
54,54
57,55
54,56
57,57
58,58
59,59
36,0
36,1
3,2
36,3
4,4
5,5
6,6
7,7
8,8
38,9
9,10
38,11
38,12
14,13
14,14
15,15
15,16
38,17
18,18
19,19
20,20
21,21
22,22
23,23
44,24
25,25
26,26
38,27
28,28
11,29
32,30
32,31
32,32
9,33
34,34
45,35
9,36
37,37
38,38
38,39
40,40
41,41
42,42
36,43
44,44
45,45
46,46
40,47
48,48
57,49
49,50
51,51
52,52
53,53
54,54
57,55
57,56
57,57
58,58
59,59
32,0
29,1
3,2
48,3
24,4
34,5
6,6
7,7
8,8
45,9
29,10
29,11
12,12
13,13
14,14
15,15
15,16
20,17
48,18
19,19
47,20
21,21
22,22
4,23
44,24
25,25
26,26
38,27
38,28
48,29
30,30
30,31
32,32
48,33
34,34
48,35
48,36
22,37
38,38
45,39
48,40
58,41
42,42
3,43
44,44
45,45
46,46
48,47
48,48
57,49
53,50
54,51
22,52
53,53
12,54
57,55
54,56
57,57
58,58
59,59
48,0
48,1
36,2
48,3
2,4
34,5
6,6
15,7
8,8
44,9
38,10
9,11
12,12
14,13
14,14
15,15
15,16
19,19
20,20
21,21
22,22
23,23
45,24
25,25
26,26
27,27
9,28
29,29
24,30
32,31
45,32
36,33
34,34
45,35
48,36
48,37
38,38
38,39
40,40
41,41
42,42
36,43
44,44
45,45
48,46
40,47
36,48
49,49
57,50
51,51
52,52
53,53
54,54
57,55
57,56
57,57
58,58
59,59
2,0
29,1
3,2
48,3
4,4
5,5
6,6
7,7
8,8
11,9
11,10
11,11
12,12
13,13
14,14
15,15
15,16
3,17
18,18
19,19
20,20
21,21
22,22
23,23
44,24
25,25
26,26
38,27
38,28
11,29
4,30
31,31
32,32
11,33
34,34
11,35
9,36
22,37
9,38
9,39
18,40
58,41
42,42
36,43
44,44
45,45
48,46
40,47
48,48
57,49
57,50
54,51
57,52
57,53
4,54
4,55
4,56
57,57
58,58
59,59
36,0
36,1
2,2
36,3
4,4
5,5
6,6
42,7
8,8
9,9
9,10
9,11
12,12
13,13
14,14
15,15
15,16
48,17
18,18
19,19
20,20
21,21
22,22
23,23
44,24
25,25
26,26
38,27
9,28
13,29
30,30
31,31
32,32
9,33
34,34
35,35
48,36
37,37
38,38
38,39
4,40
41,41
42,42
9,43
44,44
45,45
9,46
9,47
48,48
57,49
53,50
50,51
56,52
53,53
54,54
57,55
50,56
57,57
58,58
59,59
9,0
48,1
3,2
48,3
4,4
5,5
4,6
7,7
8,8
9,9
11,10
11,11
12,12
13,13
14,14
15,15
15,16
12,17
12,18
19,19
20,20
48,21
48,22
2,23
24,24
25,25
26,26
12,27
28,28
11,29
30,30
45,31
32,32
11,33
47,34
48,35
3,36
48,37
36,38
22,39
48,40
58,41
42,42
15,43
45,44
3,45
48,46
44,47
48,48
57,49
53,50
54,51
57,52
53,53
54,54
4,55
23,56
4,57
58,58
59,59
0,0
18,1
43,2
36,3
4,4
5,5
6,6
7,7
8,8
9,9
29,10
29,11
48,12
13,13
14,14
15,15
15,16
17,17
18,18
19,19
20,20
21,21
22,22
23,23
24,24
25,25
26,26
27,27
28,28
29,29
31,30
9,31
32,32
38,33
34,34
45,35
36,36
37,37
38,38
39,39
48,40
41,41
42,42
48,43
44,44
45,45
48,46
47,47
36,48
6,49
50,50
49,51
52,52
49,53
54,54
55,55
56,56
54,57
58,58
59,59
22,0
3,1
3,2
48,3
4,4
5,5
6,6
7,7
8,8
9,9
12,10
29,11
12,12
14,13
14,14
15,15
15,16
18,17
9,18
3,19
48,20
21,21
22,22
23,23
24,24
25,25
26,26
29,27
28,28
29,29
30,30
31,31
32,32
9,33
34,34
35,35
36,36
22,37
38,38
39,39
44,40
41,41
42,42
36,43
45,44
45,45
48,46
44,47
48,48
6,49
23,50
51,51
52,52
53,53
54,54
50,55
50,56
57,57
58,58
59,59
0,0
18,1
43,2
36,3
27,4
5,5
6,6
12,12
13,13
14,14
15,15
15,16
45,17
18,18
19,19
20,20
48,21
9,22
23,23
44,24
47,25
26,26
27,27
4,28
15,29
32,30
9,31
45,32
9,33
34,34
45,35
36,36
22,37
38,38
39,39
47,40
41,41
42,42
36,43
45,44
45,45
48,46
47,47
36,48
24,50
54,51
52,52
53,53
54,54
50,55
50,56
57,57
58,58
59,59
3,0
3,1
3,2
48,3
4,4
5,5
6,6
7,7
8,8
29,9
11,10
29,11
12,12
14,13
14,14
15,15
15,16
18,17
36,18
3,19
20,20
21,21
22,22
23,23
24,24
25,25
26,26
4,27
28,28
29,29
30,30
31,31
48,32
9,33
34,34
35,35
24,36
22,37
38,38
39,39
44,40
41,41
42,42
36,43
44,44
45,45
9,46
44,47
48,48
49,49
50,50
49,51
57,52
53,53
54,54
54,55
57,56
57,57
58,58
59,59
0,0
18,1
43,2
48,3
4,4
5,5
6,6
7,7
8,8
9,9
29,10
29,11
12,12
13,13
14,14
15,15
15,16
18,17
18,18
19,19
20,20
21,21
22,22
23,23
44,24
25,25
26,26
28,27
28,28
11,29
30,30
9,31
32,32
9,33
34,34
35,35
24,36
37,37
38,38
39,39
44,40
41,41
42,42
36,43
44,44
24,45
3,46
44,47
36,48
49,49
50,50
49,51
52,52
53,53
54,54
49,55
49,56
57,57
58,58
59,59
48,0
48,1
48,2
48,3
4,4
5,5
6,6
7,7
8,8
48,9
45,10
29,11
12,12
14,13
14,14
15,15
47,16
17,17
40,18
19,19
48,20
21,21
22,22
4,23
47,24
25,25
26,26
4,27
29,28
29,29
30,30
31,31
32,32
9,33
34,34
45,35
9,36
22,37
38,38
39,39
44,40
41,41
42,42
9,43
45,44
44,45
9,46
45,47
9,48
49,49
50,50
50,51
56,52
53,53
54,54
55,55
50,56
57,57
58,58
59,59
48,0
27,1
48,2
48,3
27,4
5,5
34,6
7,7
8,8
38,9
28,10
11,11
12,12
13,13
14,14
15,15
15,16
17,17
18,18
26,19
20,20
48,21
22,22
23,23
24,24
25,25
26,26
27,27
28,28
29,29
22,30
22,31
38,32
36,33
34,34
35,35
48,36
37,37
38,38
39,39
34,40
23,41
42,42
3,43
44,44
24,45
48,46
47,47
48,48
49,49
50,50
51,51
53,52
53,53
54,54
57,55
50,56
57,57
58,58
59,59
45,0
48,1
48,2
48,3
29,4
5,5
34,6
7,7
8,8
9,9
11,10
28,11
9,12
13,13
14,14
15,15
15,16
12,17
18,18
6,19
20,20
21,21
22,22
14,23
24,24
25,25
26,26
27,27
28,28
29,29
48,30
31,31
38,32
9,33
34,34
35,35
48,36
22,37
38,38
39,39
34,40
41,41
42,42
48,43
44,44
45,45
48,46
47,47
48,48
49,49
50,50
51,51
57,52
53,53
54,54
57,55
50,56
57,57
58,58
59,59
48,0
27,1
3,2
27,4
5,5
34,6
7,7
8,8
38,9
28,10
28,11
12,12
13,13
14,14
15,15
15,16
48,17
18,18
6,19
20,20
26,21
22,22
23,23
45,24
25,25
26,26
27,27
28,28
3,29
21,30
31,31
44,32
9,33
34,34
24,35
36,36
39,37
38,38
39,39
34,40
41,41
42,42
3,43
45,44
45,45
48,46
47,47
48,48
49,49
50,50
54,51
52,52
53,53
54,54
55,55
50,56
57,57
58,58
59,59
0,0
1,1
3,2
48,3
48,4
5,5
34,6
7,7
8,8
9,9
3,10
13,11
3,12
13,13
14,14
15,15
15,16
36,17
18,18
6,19
6,20
21,21
22,22
6,23
44,24
25,25
26,26
9,27
28,28
29,29
6,30
31,31
38,32
9,33
34,34
35,35
48,36
37,37
38,38
39,39
24,40
41,41
42,42
3,43
45,44
45,45
48,46
47,47
48,48
49,49
50,50
51,51
52,52
49,53
54,54
57,55
50,56
57,57
58,58
59,59
12,0
1,1
48,2
48,3
45,4
5,5
34,6
15,7
8,8
36,9
48,10
9,11
12,12
13,13
14,14
15,15
48,16
14,17
48,18
6,19
22,20
21,21
22,22
23,23
44,24
25,25
26,26
48,27
28,28
11,29
22,30
22,31
9,32
48,33
34,34
35,35
48,36
22,37
38,38
39,39
34,40
23,41
42,42
48,43
44,44
24,45
48,46
34,47
48,48
49,49
57,50
51,51
52,52
49,53
54,54
57,55
50,56
57,57
58,58
59,59
12,0
11,1
28,2
48,3
28,4
34,5
34,6
15,7
8,8
32,9
12,10
11,11
45,12
13,13
47,14
15,15
15,16
4,17
48,18
13,19
26,20
21,21
48,22
14,23
24,24
25,25
26,26
48,27
28,28
29,29
34,30
48,31
27,32
48,33
34,34
4,35
45,36
45,37
38,38
9,39
24,40
41,41
42,42
48,43
48,44
45,45
45,46
34,47
48,48
49,49
54,50
54,51
52,52
53,53
54,54
49,55
50,56
57,57
58,58
59,59
0,0
1,1
3,2
22,3
29,4
5,5
6,6
7,7
8,8
38,9
32,10
28,11
12,12
13,13
14,14
54,15
54,16
19,17
18,18
19,19
20,20
21,21
22,22
23,23
24,24
25,25
26,26
27,27
28,28
29,29
30,30
31,31
32,32
9,33
34,34
35,35
36,36
22,37
38,38
9,39
40,40
41,41
42,42
3,43
44,44
24,45
22,46
44,47
48,48
49,49
50,50
54,51
57,52
53,53
54,54
55,55
57,56
57,57
58,58
59,59
48,0
1,1
48,2
48,3
4,4
5,5
6,6
15,7
8,8
9,9
32,10
9,11
9,12
13,13
14,14
15,15
15,16
17,17
18,18
21,19
20,20
21,21
22,22
23,23
24,24
25,25
26,26
48,27
11,28
11,29
30,30
31,31
32,32
9,33
34,34
35,35
48,36
22,37
38,38
39,39
44,40
58,41
42,42
48,43
9,44
35,45
48,46
47,47
48,48
49,49
49,50
54,51
57,52
53,53
54,54
55,55
49,56
57,57
58,58
59,59
48,0
27,1
36,2
22,3
4,4
5,5
6,6
15,7
8,8
38,9
32,10
9,11
12,12
13,13
14,14
15,15
15,16
17,17
18,18
13,19
12,20
48,21
21,22
23,23
24,24
25,25
26,26
27,27
29,28
11,29
39,30
32,31
24,32
38,33
34,34
35,35
36,36
21,37
38,38
38,39
40,40
41,41
42,42
36,43
28,44
45,45
35,46
44,47
48,48
54,49
50,50
54,51
52,52
57,53
54,54
57,55
57,56
57,57
58,58
58,59
48,0
1,1
2,2
3,3
4,4
15,5
6,6
7,7
8,8
9,9
32,10
9,11
54,12
13,13
14,14
34,15
15,16
18,17
18,18
19,19
20,20
21,21
48,22
23,23
24,24
25,25
26,26
48,27
28,28
29,29
30,30
31,31
32,32
9,33
34,34
35,35
9,36
22,37
38,38
39,39
44,40
58,41
42,42
48,43
44,44
24,45
48,46
47,47
48,48
49,49
57,50
49,51
52,52
53,53
54,54
57,55
50,56
57,57
58,58
59,59
0,0
1,1
3,2
48,3
4,4
34,5
6,6
7,7
8,8
38,9
32,10
9,11
12,12
13,13
14,14
15,15
15,16
3,17
18,18
19,19
20,20
21,21
22,22
23,23
24,24
25,25
26,26
27,27
28,28
11,29
4,30
31,31
32,32
33,33
34,34
35,35
36,36
22,37
38,38
9,39
40,40
41,41
42,42
3,43
44,44
35,45
48,46
44,47
48,48
49,49
50,50
49,51
53,52
53,53
54,54
55,55
57,56
57,57
58,58
59,59
45,0
28,1
4,2
3,3
24,4
5,5
23,6
7,7
8,8
9,9
9,10
45,11
45,12
13,13
14,14
15,15
47,16
9,17
48,18
48,19
6,20
21,21
24,22
23,23
24,24
25,25
26,26
48,27
28,28
28,29
53,30
53,31
53,32
57,33
56,34
43,35
48,36
52,37
57,38
54,39
49,40
58,41
58,42
53,43
52,44
52,45
48,46
53,47
48,48
4,49
23,50
23,51
35,52
35,53
41,54
57,55
54,56
57,57
58,58
41,59
27,0
18,1
36,2
48,3
12,4
5,5
6,6
7,7
8,8
38,9
28,10
11,11
27,12
13,13
14,14
34,15
15,16
17,17
36,18
20,19
20,20
21,21
32,22
41,23
24,24
23,25
26,26
43,27
38,28
29,29
30,30
31,31
38,32
9,33
24,34
35,35
36,36
22,37
38,38
38,39
40,40
41,41
42,42
47,43
44,44
3,45
29,46
47,47
48,48
57,49
57,50
51,51
53,52
53,53
57,54
57,55
57,56
57,57
58,58
59,59
9,0
18,1
43,2
48,3
9,4
34,5
6,6
7,7
8,8
9,9
12,10
11,11
12,12
13,13
13,14
15,15
15,16
12,17
36,18
22,19
20,20
21,21
48,22
23,23
4,24
25,25
26,26
4,27
28,28
11,29
30,30
30,31
38,32
9,33
40,34
28,35
48,36
18,37
38,38
38,39
40,40
41,41
42,42
47,43
44,44
24,45
48,46
34,47
48,48
49,49
49,50
54,51
53,52
53,53
54,54
55,55
54,56
57,57
58,58
59,59
0,0
18,1
44,2
48,3
12,4
34,5
6,6
7,7
8,8
38,9
28,10
45,11
27,12
26,13
14,14
34,15
15,16
38,18
20,19
20,20
21,21
36,22
23,23
24,24
23,25
26,26
38,27
28,28
15,29
31,30
31,31
38,32
9,33
45,34
35,35
36,36
28,37
38,38
38,39
40,40
41,41
42,42
40,43
44,44
29,45
29,46
34,47
48,48
49,49
50,50
54,51
53,52
54,53
57,54
55,55
50,56
57,57
58,58
59,59
27,0
18,1
36,2
48,3
12,4
15,5
13,6
7,7
8,8
9,9
11,10
11,11
14,12
13,13
13,14
15,15
15,16
12,17
36,18
48,19
20,20
21,21
48,22
23,23
24,24
25,25
26,26
48,27
9,28
29,29
30,30
30,31
38,32
9,33
44,34
35,35
48,36
6,37
38,38
38,39
40,40
41,41
42,42
47,43
44,44
24,45
36,46
34,47
48,48
49,49
49,50
54,51
53,52
53,53
54,54
55,55
54,56
57,57
58,58
58,59
27,0
32,1
36,2
48,3
11,4
5,5
6,6
7,7
8,8
9,9
28,10
28,11
12,12
13,13
13,14
34,15
15,16
12,17
9,18
45,19
20,20
21,21
48,22
8,23
24,24
25,25
26,26
43,27
9,28
29,29
30,30
30,31
38,32
9,33
24,34
35,35
9,36
22,37
38,38
32,39
40,40
41,41
42,42
47,43
44,44
45,45
9,46
47,47
48,48
57,49
49,50
51,51
53,52
53,53
54,54
57,55
57,56
57,57
58,58
59,59
12,0
35,1
35,2
48,3
9,4
5,5
19,6
7,7
8,8
12,9
11,10
11,11
13,13
13,14
47,15
15,16
0,17
45,18
48,19
6,20
21,21
2,22
23,23
35,24
25,25
26,26
35,27
45,28
11,29
45,30
30,31
32,32
9,33
34,34
35,35
45,36
18,37
32,38
24,39
4,40
41,41
42,42
45,43
44,44
24,45
45,46
34,47
35,48
4,49
6,50
23,51
35,52
35,53
7,54
24,55
34,56
45,57
58,58
59,59
0,0
18,1
3,2
48,3
4,4
5,5
6,6
7,7
8,8
38,9
28,10
11,11
14,12
13,13
6,14
15,15
15,16
38,17
18,18
20,19
20,20
21,21
22,22
23,23
24,24
25,25
26,26
27,27
28,28
29,29
30,30
31,31
32,32
9,33
34,34
22,35
48,36
37,37
38,38
39,39
40,40
41,41
42,42
36,43
44,44
4,45
48,46
34,47
48,48
49,49
50,50
6,51
56,52
53,53
54,54
54,55
50,56
57,57
59,58
59,59
0,0
18,1
48,2
48,3
35,4
5,5
6,6
7,7
8,8
9,9
28,10
11,11
12,12
13,13
13,14
15,15
15,16
38,17
40,18
18,19
6,20
21,21
22,22
23,23
24,24
25,25
26,26
9,27
28,28
4,29
30,30
30,31
32,32
38,33
34,34
28,35
36,36
22,37
32,38
39,39
45,40
41,41
42,42
48,43
44,44
24,45
48,46
47,47
48,48
49,49
50,50
49,51
53,52
53,53
54,54
55,55
54,56
57,57
58,58
59,59
48,0
40,1
36,2
43,3
4,4
5,5
6,6
7,7
8,8
38,9
28,10
28,11
14,12
13,13
13,14
15,15
15,16
18,17
18,18
48,19
18,20
21,21
22,22
23,23
45,24
25,25
26,26
38,27
28,28
29,29
30,30
31,31
32,32
9,33
34,34
35,35
36,36
48,37
45,38
39,39
40,40
58,41
42,42
9,43
44,44
4,45
48,46
34,47
48,48
49,49
50,50
49,51
50,52
53,53
54,54
54,55
15,56
57,57
58,58
59,59
0,0
18,1
43,2
3,3
35,4
15,5
6,6
7,7
8,8
9,9
28,10
11,11
12,12
13,13
6,14
15,15
15,16
38,17
18,18
19,19
20,20
21,21
22,22
23,23
24,24
25,25
26,26
27,27
28,28
29,29
30,30
30,31
32,32
38,33
34,34
35,35
12,36
37,37
38,38
38,39
40,40
41,41
58,42
48,43
44,44
24,45
48,46
34,47
48,48
49,49
50,50
49,51
53,52
53,53
54,54
49,55
54,56
57,57
58,58
59,59
0,0
18,1
43,2
3,3
4,4
5,5
6,6
7,7
8,8
38,9
28,10
28,11
14,12
26,13
13,14
15,15
15,16
17,17
18,18
6,19
20,20
21,21
22,22
23,23
24,24
25,25
26,26
27,27
28,28
29,29
30,30
30,31
32,32
9,33
34,34
35,35
36,36
22,37
38,38
39,39
40,40
58,41
58,42
48,43
47,44
35,45
48,46
34,47
48,48
49,49
50,50
6,51
49,52
53,53
54,54
57,55
54,56
57,57
58,58
59,59
35,1
4,2
45,3
35,4
34,5
6,6
15,7
8,8
9,9
45,12
13,13
13,14
15,15
15,16
32,17
18,18
34,19
35,20
21,21
35,22
23,23
4,24
25,25
26,26
24,27
35,28
29,29
4,30
48,31
24,32
38,33
34,34
22,35
4,36
35,37
45,38
32,39
4,40
58,41
42,42
9,43
34,44
45,45
45,46
34,47
35,48
24,49
23,50
6,51
35,52
35,53
41,54
4,55
54,56
35,57
58,58
59,59
36,0
18,1
3,2
3,3
18,4
5,5
6,6
7,7
8,8
9,9
9,10
48,11
6,12
13,13
14,14
15,15
5,16
17,17
18,18
19,19
6,20
21,21
22,22
23,23
24,24
25,25
26,26
48,27
11,28
29,29
30,30
31,31
9,32
48,33
34,34
28,35
36,36
37,37
40,38
38,39
40,40
41,41
42,42
3,43
44,44
24,45
48,46
34,47
22,48
49,49
50,50
51,51
53,52
53,53
54,54
49,55
54,56
57,57
58,58
58,59
12,0
18,1
48,2
48,3
30,4
5,5
6,6
54,7
8,8
9,9
9,10
9,11
6,12
13,13
14,14
15,15
15,16
17,17
18,18
19,19
6,20
21,21
22,22
23,23
44,24
25,25
26,26
48,27
38,28
29,29
31,30
31,31
9,32
9,33
34,34
35,35
9,36
37,37
38,38
39,39
40,40
41,41
42,42
48,43
44,44
45,45
48,46
47,47
48,48
49,49
50,50
51,51
53,52
49,53
54,54
57,55
54,56
57,57
58,58
59,59
48,0
18,1
43,2
21,3
18,4
5,5
6,6
7,7
8,8
9,9
9,10
36,11
6,12
13,13
14,14
15,15
5,16
40,17
18,18
19,19
20,20
21,21
48,22
4,23
28,24
45,25
26,26
36,27
11,28
45,29
30,30
31,31
38,32
9,33
34,34
4,35
40,36
37,37
40,38
38,39
40,40
41,41
42,42
48,43
44,44
45,45
48,46
34,47
48,48
54,49
50,50
54,51
56,52
49,53
54,54
57,55
54,56
57,57
58,58
59,59
9,0
40,1
48,2
48,3
30,4
5,5
6,6
7,7
8,8
38,9
9,10
9,11
12,12
13,13
14,14
15,15
15,16
17,17
18,18
19,19
6,20
21,21
22,22
23,23
24,24
25,25
26,26
38,27
38,28
29,29
22,30
31,31
45,32
9,33
34,34
35,35
48,36
37,37
38,38
38,39
18,40
41,41
42,42
3,43
44,44
24,45
46,46
47,47
22,48
49,49
50,50
49,51
53,52
53,53
54,54
30,55
50,56
57,57
58,58
59,59
0,0
18,1
48,2
3,3
18,4
5,5
6,6
7,7
8,8
9,9
9,10
9,11
6,12
13,13
14,14
15,15
5,16
48,17
18,18
22,19
6,20
21,21
22,22
23,23
24,24
45,25
26,26
48,27
11,28
29,29
30,30
31,31
9,32
9,33
34,34
35,35
18,36
37,37
14,38
38,39
4,40
41,41
42,42
3,43
44,44
45,45
46,46
34,47
48,48
49,49
50,50
49,51
53,52
53,53
54,54
49,55
56,56
57,57
58,58
59,59
9,0
35,1
48,2
24,3
30,4
34,5
6,6
7,7
8,8
32,9
9,10
9,11
6,12
13,13
14,14
15,15
15,16
45,17
18,18
48,19
27,20
48,21
35,22
23,23
45,24
25,25
26,26
45,27
32,28
29,29
24,30
28,31
32,32
9,33
34,34
35,35
45,36
4,37
32,38
38,39
35,40
41,41
42,42
31,43
7,44
24,45
35,46
34,47
35,48
4,49
24,50
23,51
35,52
35,53
54,54
57,55
45,56
35,57
58,58
59,59
0,0
36,1
36,2
3,3
4,4
34,5
6,6
7,7
8,8
28,9
11,10
11,11
12,12
13,13
14,14
15,15
34,16
36,17
18,18
19,19
20,20
21,21
22,22
23,23
24,24
25,25
26,26
0,27
28,28
29,29
31,30
2,31
28,32
28,33
34,34
35,35
36,36
48,37
38,38
9,39
43,40
58,41
42,42
36,43
4,44
45,45
3,46
47,47
48,48
49,49
50,50
51,51
52,52
53,53
54,54
55,55
56,56
57,57
58,58
59,59
2,0
18,1
36,2
48,3
35,4
5,5
6,6
7,7
8,8
28,9
12,10
11,11
12,12
13,13
14,14
34,15
15,16
17,17
18,18
22,19
6,20
21,21
22,22
4,23
24,24
25,25
26,26
36,27
28,28
29,29
31,30
22,31
32,32
9,33
34,34
35,35
48,36
22,37
28,38
9,39
43,40
58,41
42,42
36,43
4,44
4,45
48,46
47,47
48,48
49,49
50,50
49,51
52,52
53,53
54,54
55,55
50,56
57,57
58,58
59,59
0,0
36,1
2,2
3,3
35,4
5,5
6,6
7,7
8,8
11,9
28,10
28,11
10,12
13,13
14,14
15,15
34,16
17,17
18,18
19,19
20,20
21,21
22,22
23,23
24,24
25,25
26,26
27,27
28,28
11,29
31,30
9,31
28,32
11,33
34,34
35,35
36,36
43,37
38,38
9,39
36,40
58,41
42,42
36,43
29,44
45,45
36,46
47,47
48,48
49,49
50,50
59,51
54,52
53,53
54,54
57,55
57,56
57,57
58,58
59,59
48,0
18,1
48,2
48,3
35,4
5,5
6,6
7,7
8,8
11,9
9,10
11,11
12,12
13,13
14,14
34,15
34,16
17,17
18,18
19,19
20,20
21,21
22,22
23,23
24,24
25,25
26,26
48,27
28,28
29,29
31,30
31,31
32,32
9,33
34,34
35,35
48,36
22,37
9,38
9,39
43,40
58,41
42,42
3,43
29,44
45,45
3,46
47,47
48,48
49,49
50,50
54,51
57,52
53,53
54,54
55,55
56,56
57,57
58,58
59,59
2,0
36,1
2,2
3,3
4,4
5,5
6,6
7,7
8,8
28,9
29,10
11,11
12,12
13,13
14,14
15,15
34,16
36,17
18,18
19,19
20,20
21,21
31,22
23,23
24,24
25,25
26,26
48,27
28,28
29,29
31,30
2,31
32,32
28,33
34,34
35,35
36,36
43,37
38,38
9,39
3,40
58,41
42,42
36,43
45,44
24,45
3,46
47,47
48,48
49,49
50,50
59,51
52,52
53,53
54,54
55,55
57,56
57,57
58,58
59,59
3,0
18,1
48,2
48,3
4,4
5,5
6,6
7,7
8,8
28,9
11,10
28,11
12,12
13,13
14,14
34,15
15,16
17,17
18,18
6,19
20,20
21,21
22,22
4,23
24,24
25,25
26,26
48,27
28,28
12,29
31,30
22,31
32,32
9,33
34,34
35,35
48,36
35,37
9,38
9,39
45,40
58,41
7,42
48,43
4,44
4,45
48,46
47,47
48,48
49,49
50,50
54,51
57,52
53,53
54,54
57,55
57,56
57,57
58,58
59,59
37,0
43,1
36,2
48,3
4,4
15,5
6,6
7,7
8,8
9,9
9,10
11,11
10,12
13,13
14,14
34,15
34,16
17,17
18,18
19,19
20,20
21,21
22,22
23,23
24,24
25,25
26,26
32,27
29,28
29,29
30,30
9,31
32,32
9,33
34,34
35,35
36,36
37,37
38,38
39,39
43,40
41,41
42,42
36,43
44,44
45,45
48,46
47,47
48,48
49,49
50,50
51,51
57,52
53,53
54,54
55,55
57,56
57,57
58,58
59,59
43,0
48,1
43,2
21,3
35,4
5,5
6,6
7,7
8,8
38,9
9,10
9,11
12,12
13,13
14,14
15,15
34,16
17,17
18,18
22,19
6,20
21,21
22,22
23,23
24,24
25,25
26,26
27,27
28,28
29,29
49,30
53,31
53,32
9,33
48,34
48,35
48,36
53,37
9,38
39,39
43,40
58,41
42,42
36,43
57,44
57,45
43,46
47,47
48,48
49,49
57,50
54,51
53,52
53,53
54,54
54,55
57,56
57,57
58,58
59,59
37,0
43,1
36,2
48,3
4,4
5,5
6,6
7,7
8,8
28,9
9,10
29,11
11,12
13,13
14,14
23,15
34,16
48,17
18,18
19,19
48,20
21,21
22,22
4,23
24,24
25,25
26,26
38,27
29,28
29,29
31,30
9,31
32,32
9,33
34,34
35,35
36,36
48,37
38,38
39,39
43,40
41,41
42,42
36,43
24,44
24,45
36,46
44,47
48,48
49,49
50,50
51,51
57,52
53,53
54,54
55,55
50,56
57,57
58,58
59,59
43,0
43,1
48,2
21,3
35,4
5,5
6,6
7,7
8,8
9,9
9,10
9,11
12,12
13,13
14,14
34,15
15,16
17,17
18,18
48,19
6,20
21,21
22,22
23,23
24,24
25,25
26,26
27,27
29,28
29,29
30,30
31,31
32,32
9,33
34,34
35,35
48,36
22,37
9,38
39,39
48,40
41,41
42,42
9,43
44,44
45,45
36,46
47,47
48,48
49,49
50,50
54,51
53,52
53,53
54,54
57,55
56,56
57,57
58,58
59,59
37,0
43,1
48,2
48,3
23,4
15,5
6,6
7,7
8,8
9,9
9,10
11,11
10,12
13,13
14,14
34,15
34,16
48,17
18,18
48,19
20,20
21,21
22,22
23,23
24,24
25,25
26,26
48,27
28,28
29,29
30,30
31,31
32,32
9,33
34,34
35,35
48,36
37,37
38,38
39,39
43,40
41,41
42,42
36,43
44,44
45,45
43,46
47,47
48,48
49,49
50,50
51,51
53,52
53,53
54,54
55,55
57,56
57,57
58,58
59,59
48,0
43,1
43,2
48,3
35,4
5,5
6,6
7,7
8,8
9,9
9,10
9,11
12,12
13,13
14,14
23,15
34,16
48,17
6,18
22,19
6,20
21,21
22,22
4,23
24,24
25,25
26,26
27,27
28,28
45,29
30,30
22,31
32,32
9,33
34,34
35,35
36,36
22,37
9,38
39,39
43,40
58,41
42,42
9,43
45,44
45,45
9,46
47,47
48,48
49,49
50,50
54,51
57,52
53,53
54,54
54,55
57,56
57,57
58,58
59,59
3,0
36,1
36,2
48,3
35,4
15,5
6,6
47,7
8,8
9,9
9,10
9,11
12,12
6,13
14,14
23,15
45,16
27,17
18,18
48,19
20,20
21,21
22,22
23,23
24,24
25,25
26,26
38,27
28,28
45,29
30,30
48,31
32,32
48,33
34,34
35,35
36,36
37,37
38,38
39,39
43,40
58,41
42,42
36,43
44,44
45,45
3,46
47,47
48,48
49,49
50,50
54,51
53,52
53,53
54,54
55,55
57,56
57,57
58,58
59,59
48,0
43,1
48,2
48,3
4,4
5,5
6,6
7,7
8,8
9,9
12,10
12,11
12,12
13,13
14,14
23,15
34,16
48,17
18,18
22,19
20,20
21,21
22,22
23,23
24,24
25,25
26,26
48,27
28,28
29,29
30,30
22,31
32,32
9,33
34,34
35,35
48,36
37,37
9,38
39,39
43,40
58,41
42,42
36,43
44,44
24,45
3,46
47,47
48,48
49,49
50,50
54,51
52,52
53,53
54,54
57,55
56,56
57,57
58,58
58,59
3,0
48,1
43,2
48,3
35,4
5,5
6,6
7,7
8,8
38,9
9,10
9,11
12,12
13,13
14,14
23,15
23,16
48,17
18,18
48,19
20,20
21,21
22,22
24,23
24,24
25,25
26,26
27,27
28,28
29,29
30,30
48,31
32,32
48,33
34,34
35,35
48,36
37,37
38,38
39,39
3,40
41,41
42,42
36,43
45,44
45,45
48,46
47,47
48,48
49,49
50,50
54,51
57,52
53,53
54,54
57,55
54,56
57,57
58,58
59,59
48,0
43,1
48,2
48,3
4,4
5,5
6,6
7,7
8,8
9,9
9,10
12,11
12,12
13,13
14,14
23,15
34,16
17,17
18,18
22,19
20,20
21,21
22,22
23,23
24,24
25,25
26,26
48,27
28,28
4,29
30,30
30,31
32,32
9,33
34,34
35,35
4,36
37,37
38,38
39,39
43,40
58,41
42,42
36,43
44,44
45,45
3,46
47,47
48,48
49,49
49,50
54,51
57,52
53,53
54,54
57,55
57,56
57,57
58,58
59,59
43,0
43,1
48,2
3,3
35,4
15,5
6,6
7,7
8,8
9,9
9,10
9,11
12,12
13,13
14,14
23,15
23,16
27,17
18,18
48,19
20,20
21,21
22,22
23,23
45,24
25,25
26,26
38,27
11,28
15,29
30,30
48,31
32,32
9,33
34,34
35,35
48,36
37,37
38,38
39,39
43,40
41,41
42,42
3,43
44,44
45,45
3,46
47,47
48,48
49,49
50,50
54,51
53,52
53,53
54,54
55,55
56,56
57,57
58,58
59,59
22,0
48,1
48,2
48,3
4,4
5,5
6,6
7,7
8,8
38,9
9,10
9,11
12,12
13,13
14,14
4,15
34,16
48,17
18,18
22,19
13,20
21,21
22,22
4,23
24,24
25,25
26,26
22,27
28,28
4,29
30,30
22,31
32,32
48,33
34,34
35,35
48,36
35,37
9,38
39,39
48,40
58,41
42,42
48,43
44,44
45,45
48,46
47,47
48,48
49,49
50,50
54,51
53,52
53,53
54,54
57,55
57,56
57,57
58,58
59,59
3,0
18,1
48,2
48,3
35,4
5,5
6,6
7,7
8,8
9,9
9,10
12,11
48,12
13,13
14,14
23,15
23,16
48,17
18,18
19,19
20,20
21,21
22,22
23,23
24,24
25,25
26,26
48,27
28,28
16,29
30,30
30,31
32,32
48,33
34,34
35,35
48,36
37,37
39,38
39,39
36,40
41,41
42,42
3,43
44,44
45,45
3,46
47,47
48,48
49,49
57,50
54,51
53,52
53,53
54,54
57,55
54,56
57,57
58,58
59,59
22,0
18,1
48,2
3,3
35,4
5,5
6,6
7,7
8,8
9,9
12,10
12,11
9,12
13,13
14,14
23,15
23,16
12,17
18,18
22,19
20,20
21,21
22,22
23,23
24,24
41,25
26,26
48,27
28,28
11,29
30,30
31,31
32,32
9,33
34,34
35,35
48,36
22,37
9,38
39,39
48,40
41,41
42,42
3,43
47,44
45,45
3,46
47,47
48,48
49,49
50,50
54,51
53,52
53,53
54,54
57,55
49,56
49,57
58,58
59,59
36,0
18,1
48,2
48,3
27,4
5,5
6,6
7,7
15,8
9,9
9,10
12,11
48,12
13,13
14,14
23,15
45,16
27,17
18,18
48,19
20,20
48,21
22,22
23,23
24,24
25,25
26,26
27,27
28,28
15,29
39,30
31,31
32,32
9,33
34,34
35,35
48,36
37,37
9,38
9,39
48,40
41,41
42,42
48,43
45,44
24,45
3,46
47,47
48,48
49,49
57,50
51,51
52,52
53,53
54,54
55,55
57,56
57,57
58,58
58,59
22,0
18,1
48,2
3,3
4,4
5,5
6,6
7,7
8,8
9,9
12,10
12,11
48,12
13,13
14,14
23,15
23,16
13,17
18,18
22,19
20,20
21,21
22,22
23,23
24,24
41,25
26,26
48,27
29,28
15,29
30,30
31,31
32,32
9,33
34,34
35,35
48,36
22,37
9,38
39,39
40,40
41,41
42,42
36,43
47,44
45,45
3,46
47,47
48,48
49,49
50,50
54,51
53,52
53,53
54,54
57,55
53,56
54,57
58,58
58,59
37,0
18,1
48,2
48,3
35,4
5,5
6,6
7,7
8,8
9,9
12,10
12,11
48,12
13,13
14,14
23,15
34,16
27,17
18,18
19,19
20,20
21,21
22,22
23,23
24,24
25,25
26,26
48,27
28,28
10,29
30,30
30,31
32,32
9,33
34,34
35,35
48,36
37,37
9,38
39,39
48,40
41,41
42,42
36,43
45,44
45,45
3,46
47,47
48,48
49,49
50,50
54,51
57,52
53,53
54,54
57,55
49,56
57,57
58,58
59,59
35,0
4,1
48,2
48,3
4,4
5,5
6,6
7,7
15,8
9,9
9,10
9,11
9,12
13,13
14,14
23,15
23,16
12,17
48,18
22,19
20,20
48,21
22,22
23,23
24,24
25,25
26,26
48,27
28,28
48,29
30,30
22,31
32,32
9,33
34,34
35,35
48,36
48,37
9,38
39,39
48,40
41,41
42,42
9,43
44,44
44,45
48,46
47,47
48,48
49,49
50,50
54,51
52,52
53,53
54,54
57,55
53,56
54,57
58,58
59,59
48,0
1,1
43,2
48,3
4,4
5,5
6,6
7,7
8,8
4,9
12,10
12,11
12,12
13,13
14,14
15,15
15,16
17,17
18,18
19,19
20,20
21,21
48,22
23,23
24,24
25,25
26,26
37,27
45,28
29,29
30,30
31,31
32,32
38,33
34,34
35,35
48,36
37,37
38,38
39,39
40,40
41,41
42,42
36,43
44,44
45,45
48,46
34,47
48,48
49,49
49,50
49,51
52,52
53,53
54,54
57,55
57,56
57,57
58,58
59,59
48,0
12,1
48,2
48,3
35,4
34,5
6,6
7,7
8,8
9,9
11,10
11,11
12,12
13,13
14,14
15,15
34,16
36,17
18,18
22,19
48,20
21,21
48,22
4,23
4,24
25,25
26,26
27,27
11,28
29,29
30,30
31,31
32,32
38,33
34,34
28,35
48,36
37,37
38,38
39,39
45,40
41,41
42,42
48,43
44,44
35,45
46,46
34,47
48,48
49,49
50,50
54,51
53,52
53,53
54,54
57,55
57,56
57,57
58,58
59,59
48,0
27,1
36,2
3,3
4,4
5,5
6,6
7,7
8,8
9,9
11,10
11,11
12,12
13,13
14,14
15,15
15,16
17,17
48,18
19,19
20,20
21,21
48,22
4,23
24,24
25,25
26,26
36,27
45,28
48,29
39,30
31,31
35,32
38,33
34,34
48,35
48,36
37,37
45,38
39,39
38,40
41,41
42,42
46,43
44,44
45,45
38,46
34,47
48,48
50,50
49,51
50,52
53,53
54,54
57,55
50,56
57,57
58,58
59,59
0,0
27,1
48,2
48,3
35,4
15,5
6,6
7,7
8,8
9,9
11,10
11,11
12,12
13,13
14,14
15,15
4,16
36,17
9,18
48,19
48,20
21,21
48,22
23,23
24,24
25,25
26,26
0,27
28,28
29,29
30,30
31,31
32,32
38,33
34,34
4,35
48,36
37,37
38,38
39,39
40,40
41,41
42,42
3,43
44,44
45,45
45,46
34,47
9,48
49,49
50,50
54,51
53,52
53,53
54,54
55,55
57,56
57,57
58,58
58,59
27,0
1,1
43,2
48,3
4,4
5,5
6,6
7,7
8,8
29,9
29,10
12,11
12,12
13,13
14,14
15,15
15,16
17,17
18,18
19,19
20,20
21,21
48,22
23,23
45,24
25,25
26,26
37,27
28,28
29,29
30,30
30,31
32,32
38,33
34,34
35,35
48,36
37,37
38,38
39,39
40,40
41,41
42,42
3,43
44,44
45,45
3,46
47,47
48,48
49,49
50,50
49,51
52,52
53,53
54,54
57,55
57,56
57,57
58,58
59,59
48,0
11,1
24,2
48,3
28,4
47,5
6,6
7,7
8,8
48,9
11,10
11,11
12,12
13,13
14,14
15,15
4,16
45,17
45,18
19,19
48,20
48,21
48,22
45,23
35,24
25,25
26,26
4,27
28,28
29,29
31,30
31,31
32,32
38,33
34,34
22,35
48,36
22,37
48,38
39,39
45,40
23,41
42,42
46,43
4,44
35,45
45,46
34,47
45,48
49,49
50,50
54,51
53,52
53,53
54,54
57,55
49,56
57,57
58,58
59,59
48,0
24,1
12,2
45,3
35,4
5,5
48,6
7,7
8,8
9,9
4,10
14,11
14,12
13,13
14,14
15,15
15,16
45,17
18,18
19,19
20,20
21,21
48,22
23,23
24,24
25,25
26,26
27,27
11,28
29,29
30,30
30,31
31,32
29,33
47,34
48,35
48,36
37,37
38,38
39,39
40,40
41,41
42,42
3,43
34,44
45,45
48,46
47,47
48,48
50,49
50,50
51,51
53,52
53,53
54,54
57,55
50,56
57,57
58,58
59,59
48,0
4,1
48,2
48,3
28,4
34,5
12,6
7,7
8,8
9,9
12,10
11,11
12,12
48,13
14,14
7,15
24,16
48,17
36,18
19,19
48,20
21,21
48,22
4,23
4,24
25,25
26,26
48,27
28,28
28,29
30,30
31,31
32,32
48,33
34,34
4,35
48,36
9,37
38,38
21,39
48,40
41,41
42,42
48,43
47,44
48,45
45,46
47,47
48,48
49,49
50,50
54,51
53,52
52,53
54,54
55,55
50,56
57,57
58,58
59,59
48,0
18,1
48,2
48,3
4,4
34,5
48,6
7,7
8,8
45,9
45,10
48,11
12,12
47,13
15,14
15,15
15,16
48,17
45,18
19,19
20,20
26,21
48,22
45,23
4,24
25,25
26,26
27,27
28,28
47,29
39,30
22,31
15,32
15,33
47,34
35,35
48,36
48,37
38,38
48,39
36,40
41,41
42,42
48,43
44,44
45,45
36,46
34,47
48,48
49,49
50,50
51,51
53,52
53,53
54,54
55,55
50,56
57,57
58,58
59,59
27,0
1,1
43,2
48,3
4,4
15,5
6,6
7,7
8,8
38,9
36,10
11,11
12,12
13,13
14,14
15,15
4,16
36,17
36,18
48,19
48,20
21,21
48,22
23,23
45,24
25,25
26,26
27,27
28,28
11,29
30,30
31,31
37,32
38,33
34,34
35,35
48,36
37,37
38,38
21,39
45,40
41,41
42,42
48,43
47,44
45,45
46,46
47,47
48,48
49,49
50,50
54,51
52,52
53,53
50,54
57,55
50,56
57,57
58,58
59,59
0,0
1,1
36,2
48,3
35,4
34,5
6,6
7,7
8,8
38,9
12,10
11,11
12,12
13,13
14,14
47,15
15,16
48,17
36,18
19,19
20,20
21,21
48,22
4,23
45,24
25,25
26,26
27,27
11,28
45,29
46,30
30,31
32,32
28,33
47,34
35,35
3,36
37,37
38,38
39,39
40,40
41,41
42,42
3,43
44,44
45,45
46,46
15,47
48,48
49,49
50,50
51,51
53,52
53,53
54,54
57,55
50,56
57,57
58,58
59,59
48,0
45,1
48,2
48,3
35,4
47,5
6,6
7,7
8,8
38,9
9,10
11,11
12,12
13,13
48,14
3,16
48,17
3,18
19,19
48,20
48,21
48,22
35,23
28,24
25,25
26,26
48,27
45,28
28,29
31,30
22,31
45,32
45,33
34,34
45,35
48,36
45,37
3,38
48,39
45,40
41,41
58,42
48,43
7,44
48,45
48,46
47,47
48,48
49,49
50,50
51,51
54,52
53,53
54,54
50,55
50,56
57,57
58,58
59,59
3,0
18,1
3,2
3,3
35,4
5,5
6,6
7,7
8,8
38,9
12,10
10,11
13,12
13,13
14,14
15,15
15,16
12,17
18,18
19,19
6,20
22,21
22,22
23,23
24,24
25,25
26,26
0,27
28,28
29,29
30,30
31,31
32,32
9,33
34,34
35,35
48,36
37,37
38,38
39,39
40,40
41,41
42,42
48,43
44,44
45,45
48,46
47,47
48,48
49,49
50,50
50,51
57,52
49,53
49,55
50,56
57,57
58,58
59,59
48,0
18,1
48,2
48,3
4,4
34,5
6,6
6,7
8,8
38,9
9,10
11,11
14,12
13,13
13,14
15,15
47,16
12,17
18,18
19,19
20,20
21,21
22,22
23,23
15,24
25,25
26,26
27,27
11,28
29,29
30,30
31,31
32,32
9,33
34,34
37,35
48,36
37,37
38,38
39,39
48,40
41,41
42,42
46,43
7,44
47,45
48,46
47,47
48,48
49,49
50,50
54,51
57,52
57,53
48,55
48,56
48,57
58,58
59,59
38,0
4,1
48,2
48,3
35,4
5,5
6,6
7,7
8,8
9,9
12,10
11,11
13,12
13,13
14,14
15,15
15,16
12,17
18,18
19,19
20,20
21,21
48,22
23,23
24,24
25,25
26,26
27,27
28,28
22,29
31,30
9,31
32,32
9,33
34,34
35,35
48,36
37,37
45,38
38,39
40,40
41,41
42,42
40,43
44,44
46,45
14,46
47,47
48,48
49,49
50,50
51,51
57,52
49,53
54,54
57,55
50,56
57,57
58,58
59,59
48,0
18,1
43,2
48,3
35,4
5,5
6,6
7,7
8,8
38,9
9,10
11,11
14,12
13,13
14,14
15,15
15,16
48,17
12,18
22,19
20,20
21,21
22,22
23,23
45,24
25,25
26,26
48,27
9,28
29,29
31,30
31,31
32,32
9,33
34,34
35,35
48,36
37,37
38,38
39,39
48,40
41,41
42,42
3,43
47,44
48,45
48,46
47,47
48,48
53,49
50,50
51,51
57,52
53,53
54,54
57,55
50,56
57,57
58,58
59,59
48,0
18,1
3,2
48,3
35,4
5,5
6,6
42,7
8,8
9,9
9,10
11,11
13,12
13,13
14,14
15,15
15,16
14,17
14,18
19,19
6,20
22,21
22,22
23,23
24,24
25,25
26,26
48,27
28,28
4,29
24,30
31,31
32,32
9,33
34,34
35,35
48,36
37,37
38,38
39,39
40,40
41,41
42,42
48,43
40,44
34,45
48,46
47,47
48,48
49,49
50,50
50,51
57,52
53,53
54,54
57,55
50,56
57,57
58,58
59,59
48,0
18,1
48,2
48,3
35,4
5,5
6,6
7,7
8,8
45,9
9,10
11,11
12,12
13,13
14,14
15,15
15,16
45,17
45,18
48,19
20,20
48,21
22,22
4,23
45,24
25,25
26,26
48,27
11,28
29,29
12,30
31,31
32,32
9,33
34,34
35,35
48,36
35,37
45,38
9,39
40,40
41,41
42,42
48,43
44,44
15,45
48,46
47,47
48,48
49,49
50,50
51,51
57,52
53,53
54,54
57,55
50,56
57,57
58,58
59,59
